86706
86706
213045
 3132
143018
66064
164124
  379
11599
 1712
 3094
137909
55352
211484
257637
66125
74888
 6364
30715
  606
528587
 1382
 3112
68332
  223
 2632
110519
159287
    91
51908
58066
 8479
352552
222275
86299
 6565
48509
18894
92422
174957
59708
333239
66505
49961
 8635
227112
47182
  304
41702
31140
53602
 1813
  894
154121
255789
222216
38022
  178
  793
  601
 4687
43860
384058
11981
442919
75280   2519
   4927
   2791
  78061
  40703
1048267
  13687
 203085
   1045
   2133
  40954
  27477
     85
  97921
  37952
    396
 110408
   5282
  11517
  96352
  12276
  47881
 129515
  20178
  85569
 127838
   2207
  74556
  93765
 270117
   4118
  25696
  16307
      7
   1603
  11374
   7227
     47
  85033
  16038
  11424
  75310
    206
  24674
   2050
  12317
  11602
     54
  11257
  30759
    393
     54
   2228
     64
  33804
   5246
   4998
  34095
  13218
  32076
      7
    573
     22
  10975
   1532
  25305 3529
23211
 1894
  181
  226
31787
 2780
106094
16018
 2053
  468
41033
20874
  462
 6720
15855
50503
  180
 3524
 1671
  901
10155
 9835
48187
62537
14579
23190
 7253
    9
 1482
  245
70267
  668
  629
27783
    27
 1868
22487
80452
    56
21763
19605
 1429
44095
115135
15620
 1663
 1033
 3393
34157
80038
 4820
52728
14211
18262
 1538
23494
24248
  235
 5529
 5811
23818
  540
  141
44143
2958089259
26417
  100
  433
    44
  751
12813
70302
 4234
97668
17804
  462
    96
  377
13518
 9087
200334
 1264
16290
  216
  872
12828
 5332
    60
 2605
 3603
    96
 5687
  227
 3236
16935
 1968
15049
26937
12038
33819
38353
  295
25981
10588
18255
    0
  463
56656
    0
    0
    60
    0
    0
    0
    0
 6911
    0
    5
  124
    0
    0
    0
  861
    0
11594
    0
 5265
  294
    0
    0
    0
    0
 478
    0
3600
    0
    0
2750
2148
 178
   14
    1
    2
21793
    0
    0
    0
    0
2215
6260
 368
17910
    0
1469
 139
    4
12686
    5
    0
1165
5193
18546
35795
11716
26405
45126
    9
30994
13649
7451
12123
 579
10388
8305
 104
   18
3423
 213
8765
 914
33253
41879
7878
30796
 246
 600
26074
11820
11599
7416
15527
2044
 220
 395
20199
521832410
10060
   60
 547
1378
32546
8310
8068
9236
18190
35654
 575
6080
1355
 300
21458
4318
35525
26666
6691
9847
14181
   43
 509
1564
50296
2934
3676
    4
36372
 570
5107
30452
58095
   19
19024
7874
4320
16762
64415
4082
4480
1645
4489
9909
80691
2314
49766
7176
3213
4944
11727
32781
 137
9286
11888
21925
2079
 613
15932
10470
68189
34122
 160
 598
 211  820
20206
24994
  529
40049
38678
 1317
  378
  986
 8467
 7247
86064
 2060
 2381
  397
 1938
 4198
 1758
    13
 3785
 8254
  301
16429
  747
 5466
17517
 4819
 8224
12035
11378
17190
36846
  831
70081
15310
11340
45473
13009
132528
54254
61014
43185
49403
151606
25185
  518
46081
23462
39391
63518
12649
74676
25854
13134
 2999
36466
 2574
42630
21084
59161
41006
19883
44900
51474
31270
 451728784
69019
30051
13568
54043
18920
22242
 2791
41461
29420
96986
29976
15874
10719
 8670
98996
29210
 7444
26792
34453
72638
26197
15196
32203
 9825
80310
31147
167188
111764
38658
27433
63552
 4993
 8277
 6159
167547
10025
12776
 1338
63671
 9762
30462
196574
83032
 7479
35343
24034
 8717
109042
93375
66313
45017
102232
13901
26967
106837
13555
219816
28584
20909
 8717
25199
76080
 3179
63437
17257 49205
 3899
 2368
 45509
 38938
 140509
 78551
 309
 4277
 5216
 14647
 36958
   89219
   10361
   85996
  222859
    3769
    7120
    6001
   27458
   46389
  343909
    9188
   25554
    2965
    5719
   31326
   25276
    9837
   10090
   21492
    518
   71833
    3461
   11450
  130873
   15087
   40845
   53308
   13161
   68954
   95501
    5304
   88143
   34156
   33564
  161067
   61394
  434079
  836799
  711112
2228414
7291561
15952186
  692306
   18428
1189734
  107205
  181369
1707823
  439321
  375767
  295922
  131093
  106573
  439854   18815
  281554
   58651
  208644
  636621
  128453
  394037
  955520
  100472
  310286
  244038
  308065
  314959
   61458
  290422
  102853
1306961
   60947
  582475
   69121
1708547
  236823
  361728
  143057
   66902
  526481
  295830
1176657
  344273
  159876
  702172
  854183
   78481
  199689
   47331
  521586
  137818
6203378
  788082
5330636
  200689
  830112
  149020
   46873
   32481
1512421
   85433
   78973
   10324
  827100
  677300
   86992
  909546
1951566
  376400
  280761
  156442
   48958
3816909
1539901
2801617
  385350
10758808
   56183
1434249
1183099  97900
1933610
 695537
 167032
  45149
 330957
 717321
 336593
2538802
1742123
1478521
  25937
  31897
 382210
 411152
 824781
 702348
  21711
 104386
  27833
 107517
  71629
 135719
1032985
  45784
1158641
2288517
  22931
  53776
  74713
 139168
 167662
8420815
  47799
 316647
  19594
  69571
 128037
 111030
 163208
 129706
1437856
 350793
 443249
  20786
 189874
 514319
  84986
1199005
 251110
 208952
 508695
1079392
  53362
 491233
 313409
 378200
    164
     31
    346
   2451
  44963
  10881
  19445
   9593
    475 2229
    59
 5458
  995
30083
    82
30351
   59
11181
 5907
  626
37300
 7111
 2881
23399
25893
  625
111838
17472
 7705
 3259
 2895
  891
 8614
21631
  714
 4216
 1876
 1534
 8006
 1248
 2048
27040
86404
22877
 2308
100854
 6518
 1232
  627
11367
 1280
  168
63061
  352
130518
12708
 2066
48071
41410
 1748
 2702
27672
14251
 1085
  121
 2963
 4113
107502
308905
26956
21312
80633
 1112
 5369
988542384
 158
3274
1907
    7
1934
 128
   92
 247
1551
 105
 681
 724
 537
2894
 179
   26
   11
   67
 259
5567
 227
1178
 123
4633
   65
 532
13979
7093
3073
 569
2927
    8
   83
 584
2708
 133
10052
1492
   76
2646
4771
1146
 151
   14
1949
1250
    0
 345
4704
    4
7750
4200
 192
 777
 793
    8
4591
 817
1502
 721
 665
   28
10211
2840
31471090
 622
 899
 462
 166
   58
1087
   50
2437
13991
 2793
3066
    3
4254
 280
7361
   17
13166
   82
2626
   46
8416
 241
2660
1023
 101
 647
 297
    0
   91
4190
2855
 997
   50
 181
 513
2870
1468
1506
4178
3210
 629
2306
 638
3943
1751
2152
   11
 418
 361
 302
 763
 603
   94
 354
   41
   31
 214
 182
 431
 425
 838
 869
 388
   82
 263  65
165
148
395
  68
112
  49
804
  71
390
183
  14
235
844
1492
347
  68
699
595
645
168
256
  99
295
198
161
   0
179
187
439
  71
168
  55
180
382
  49
696
113
1159
378
  57
345
598
  50
127
  45
103
259
130
212
  48
  26
  76
352
142
481
  75
  47
4253
2177
309
1673
303
407
579
282 194
 339
   39
32725
5686
 594
22712
 596
 396
 281
37228
2111
5131
 657
7605
40416
5511
   12
10164
 378
2297
3760
13080
9224
8474
 504
14674
 622
3255
54639
18155
13383
 469
19173
 127
 261
 347
8743
 161
22816
1106
29213
 198
9593
 149
16503
18678
13784
 258
   85
 913
39062
21424
8434
 299
 447
5997
 147
38259
8434
1744
1493
 718
 405
36450
 59015793
3777
4515
3152
49308
13930
25544
 394
 514
4768
43045
1026
1437
15761
1466
23844
13442
   15
18043
   72
   27
13460
2688
30048
1737
 375
 170
    4
45992
 179
7926
   28
7351
 438
   16
 575
24296
6843
6987
10926
1176
   34
2394
22141
17930
4710
 981
   22
4218
 383
16289
13680
22326
 953
21004
7527
 127
   26
 144
   99
 222
 125
4111
    0 616
 129
17404
 510
 355
   50
21659
2278
2018
 251
1324
8450
2005
   8
1598
   66
 483
 785
2246
 702
1660
 165
2463
1754
 569
25390
9329
2156
 821
8006
 181
   39
 166
1868
   59
9237
   54
9342
   47
1979
    1
   42
1172
1746
2662
 225
   22
 114
14170
19691
1823
   50
 474
 672
 405
9165
3337
 138
 282
 300
   96
7164
 219
2077
 182
1608
 488
8262
3156
3499
1091
 266
1109
6371
 292
 227
3087
 546
 117
2869
5335
    3
10412
   51
 920
    0
    0
1583
 731
4398
 234
 257
 120
   19
10845
 348
1920
   17
10907
 284
   29
 402
2588
2743
 701
2918
 264
   65
1194
6804
    1
1902
3066
   76
    8
2882
 262
1526
1351
3880
 667
1985
 566
    0
3796
 507
1121
2514
3192   0
  57
   2
   2
238
  14
   3
   1
  54
111
  16
  18
  11
  43
1145
   0
   0
   0
   0
   2
  10
  41
  32
199
   9
134
   7
  64
  12
   8
   0
147
   0
   2
   1
   0
   0
  27
   2
  38
   2
   1
   6
   1
   4
   1
   3
  36
   7
   0
   4
128
  43
  32
   3
   8
   1
  45
  21
   2
   3
  0
  2
  3
116
 28
 45
  4
  6
  0
 15
 12
  9
 15
  2
  1
  2
 30
  8
 28
 96
  4
 63
 10
 87
  0
695
  9
  8
  1
 25
  0
  0
  8
 82
  0
 24
  4
 36
 10
  9
2
1
62
0
57
0
1
25
64
0
6
57
3
2
2
1
20
10
10
8
9
0
1
1
1
5
2
85
12
11
30
4
0
1
3
0
2
7
02
1
0
3
18
1
1
39
1
5
4
11
3
10
2
11
0
0
2
23
15
47
4
0
90
1
4
1
0
0
0
0
0
1
14
1
1
0
8
1
0
5
0
3
0
9
0
3
0
0
5
2
1
0
2
0
7
6
3
3
02
21
3
2
0
16
0
0
2
2
8
0
2
1
3
0
0
0
2
1
0
2
1
25
9
4
1
1
3
3
4
0
0
0
35
0
1
0
0
0
2
13
1
1
2
10
2
3
0
19
1
2
0
0
3   0
    3
    1
    2
    6
    0
    0
    1
    4
    0
    0
    0
    0
    0
    2
    1
    0
    5
    2
    2
    3
    0
    1
    1
   12
    6
    2
    5
    1
    0
    1
    9
    2
    1
    4
 841
7326
 260
5536
 577
3658
1515
1388
1074
5091
 688
   35
 282
8490
 817
7625
 372
3749
19435
5959
76074543
6222
1198
6784
    3
5515
14439
    2
 309
9743
 321
1314
 115
3159
   36
    5
5715
1360
 708
 109
4607
3791
 510
 718
5191
 600
 416
8342
 954
1021
 112
1608
2633
   66
1242
 166
2498
3671
 222
 217
   34
3180
 151
5006
   92
1882
1058
1490
 565
 688
   13
3369
2770
 315
    1
2713
4438
 537
3581
4902
   40
16661
4086
1173
1924
15573
2745
 686
3309
2449
   13
5231
1449
4971
5454
2267
 709
7926
 621
   73
  52
3068

7391
   49
1621
3415
1244
    5
3531
10090
6170
 416
1105
 302
   37
   31
10556
 965
 134
4113
2244
8489
 683
    4
3943
2395
   25
 808
 939
   18
6566
 188
    0
    9
    3
    4
    8
    2
    2
    1
   10
3
10
7
13
10
25
0
0
0
0
7
5
4
1
0
4
3
2
3
6
2
1
1
0
2
3
0
4
3
2
8
1
4
1
2
1
0
2
0
2
1
14
6
3
3
4
0
3
9
5
4
0
0
2
1
4
7
1
18
0
1
1
5
2
2
2
5
5
2
6
1
0
5
5
7
2
0
24
10
4
2
1
14
14
0
3
2
5
2
0
1
1
3
4
2
0
4
18
0
3
6
7
2
1
1
2
6
1
8
1
2
2
2
3
31
3
01
0
0
0
3
0
0
0
0
0
0
0
0
0
1
0
  0
   0
   0
3
   0
   0
   0
   0
   0
   0
  24
3272
646
296798
627
1032
272
1453
110
1723
997
1724
2354
1372
   0
  77
  79
  16
1150
999
1346
1636
212
534
116
2065
 581
1618
2242
340
468
  93
240
590
277
328
236
609
1297
232
1434
  98
478
232
410
823
  66
319
933
4798
2865
444
525
698
  93
   7
1608
1032
668
189
462
  46
1210
898
2129688
1201
660
900
1520
1031
  96
520
854
949
586
511
1304
  81
1118
1106
   4
1718
349
  36
2858
553
1069
 276
244
962
   0
2176
212
942
282
949
420
  44
1045
279
881
  62
1344
725
   1
437
2566
  12
643
3264
869
158
  27
179
538
320
1121
1478
551
1480
331
491
2913373
2619
   2
197
  55
  41
230
  34
  20
  12
591
  74
349
  33
218
167
  76
   0
  12
  47
   0
  73
  84
  45
187
  64
  45
  29
  63
332
  79
249
  34
235
  24
   6
  29
  24
171
121
  22
271
  13
209
   6
  17
  38
115
  89
  14
174
  33
290
166
213
  91
  91
   6
   2
206181
 80
 26
 50
 18
213
 67
132
 41
 62
 43
148
147
113
 17
 60
 68
 84
 24
 19
192
 15
  0
112
218
  1
419
 29
 12
171
 87
136
 19
 29
147
  0
143
 17
133
 66
209
113
  3
 86
 52
109
 10
330
 27
  0
157
157
  6
145
237
 77
 22
  6
 18
 74
 20
149
 55 53
195
 45
 22
 18
186
353
  5
157
102
  9
129
 61
 77
 17
273
 37
170
 65
233
276
105
 11
 22
  1
125
 97
 33
127
 29
 40
 28
 58
348
365
343
 47
138
 11
  7
 23
 32
157
148
 58
286
 34
 28
 55
 33
 10
 84
 87
 27
 68
 62495
233
 59
199
124
 22
  4
181
 25
 74
 28
 89
  7
109
 77
 57
 18
 95
 39
199
 85
104
 30
 32
 84
130
 66
 49
215
 17
  0
 85
148
 13
 58
 33
  8
159
 66
125
 25
 50
563
  0
169
 10
113
 37
127
204
  8
 57
 33
 48
 24
276
 25
  0
155
218
  7
 96
104153
 69
 17
 33
 33
 35
124
 71
 42
 27
 67
 24
 38
152
612
  1
512
161
 47
153
 68
 69
 24
329
 52
436
 25
106
375
121
  0
 16
 32
  5
 57
124
139
199
 46
264
 18
221
193
237
247
128
143
 25
 21
107
 42
 94
467
 21
394
  6
200
  4 20
 84
151
267
  4
 84
 40
676
342
 87
 78
110
 44
  3
405
134
 26
 19
195
 10
171
 76
275
 76
185
101
429
153
257
  5
109
144
983
  7
 74
220
 12
  0
193
308
  0
244
 30
 15
297
 51
258
  8
 26
119
  0
244
 39
 60
 44
203
 42
  5
121
129
 78
 58 151
   86
    0
 145
 294
    1
 302
 355
   40
   22
   16
   20
 286
 222
 181
 241
 111
 164
 104
   22
 317
 400
 180
 841
7485
8976
5536
2239
3658
2053
1388
20340
6415
 688
1604
 414
25055
11178
6056
9144
4279
15962
24347
5968
9446
4794
6805
3449
10836
2416
3951
6248
3865
16528
3038
27943
21756
5797
2697
9494
3495
 361
13028126
2208
11448
 891
16897
3793
 848
4709
5360
 600
3447
2924
4611
8721
1657
1021
1312
22623
26248
2818
2205
1770
3660
4143
12295
5149
1075
3764
1352
5195
9535
3268
5972
1087
4722
1940
11511
5269
9541
4040
1552
2347
12693
5525
 908
5798
4364
5022
4791
24181
4107
14394
2453
17259
2754
 686
8604
3979
7041
5813
2065
6923
5473
17850
1339
11355 621
 528
12651
4168
7489
1772
3836
5624
4755
6444
1171
3597
12259
16837
 444
4558
7463
1281
 344
13593
1490
3934
9345
8224
11304
4487
2551
3945
2397
4583
1907
 939
2951
13450
7430
    0
    9
   23
    2
    1
    0
   21
    0
 514
 192
 512
 380
   54
 106
   11
   71
    6
 830
    0
    2
 764
   30421
  86
   0
   9
414
172
  18
708
   0
859
   0
  22
   0
   0
1506
403
184
  46
  45
   0
   8
   0
  15
179
313
  91
121
 35
  40
  80
   0
  25
  21
  45
   1
626
1314
239
102
2139
120
   0
  23
   1
   4
787
  47
   0
  73
  12955
   0
  16
   0
   0
2918
292
   0
  25
   0
   4
1021
583
  99
   1
  27
737
   0
290
  29
   9
  44
  34
1620
3531
491
284
1108
  35
222
   0
1554
  78
  60
   2
   6
  16
   1
  20
   0
   2
256
  25
   2
  94
  10
  43
   5
   01
12
2
3
0
20
0
8
48
16
7
1
11
1
2
6
0
13
0
52
3
2
3
1
7
0
0
27
1
13
64
2
4
1
0
1
10
9
83
7
13
0
10
1
16
2
64
1
44
5
14
4
8
1
8
7
55
0
1
29 18
  0
 10
 12
  1
 11
  1
  1
 31
  0
  0
  1
  2
  2
 58
  1
  0
  1
  2
  3
  5
 24
 18
  1
  0
181
 35
 21
  8
 41
 37
 32
  7
 90
  1
  3
278
  1
 25
  0
  5
  4
  8
 12
  0
  82
4
1
3
0
1
3
2
5
4
11
15
7
1
4
1
2
2
5
1
2
1
9
1
6
2
0
3
11
16
5
1
1
9
7
7
2
4
1
4
3
2
1
5
3
0
5
1
31
2
4
1
9
1
13
1
4
1
5
9
0
1
1
1
4
1
3
1
0
2
4
2
5
1
0
59
29
5
20
6
6
6
1
3
2
5
1
15
18
1
44  4
  0
  0
 78
  5
  9
  5
 15
 35
 15
  1
  2
  1
 22
  6
  4
 25
  0
 26
  1
  8
123
 43
 65
  2
 81
  1
  5
  0
223
  1
197
  0
 37
  0
  1
  4
 72
 42
  0
  2
 90
 44
 42
  1
  2
  8
  2
176
 71
  6
  1
  1
  0
118
  4
 21
  3
 18 10
 16
 22
  5
 11
  5
 17
139
  0
 42
  9
 40
 91
 66
  1
 32
 12
 24
  7
  0
  5
 52
  1
  6
  4
 18
  0
  0
  1
 22
  8
  1
 42
  7
  1
191
  0
 14
 94
  2
  6
  9
 37
  3
 62
  3
 10
 20
 39
  1
  6
 37
 78 121
3788
    0
 538
 121
17048
 486
 344
   48
20869
2208
1928
 233
1216
7927
1822
    8
1562
   52
 475
 638
2174
 668
1487
 145
2344
1728
 534
24216
9030
1794
 804
7442
 168
   30
 158
1805
   48
8745
   47
8772
   44
1618
    1
   37
1074
1454
2478
 219
   12
 100
13167
19256
1587
   39
 424
 642
 398
8647
3063
   92 252
 289
   79
6433
 195
1912
 162
1445
 422
7756
2951
3340
1057
 246
1027
5798
 278
 196
2798
 498
 116
2531
4980
    2
9879
   45
 906
    0
    0
1443
 666
4044
 216
 234
   96
   19
10484
 322
1798
   10
10755
 272
   24
 375
2400
2604
 679
2627
 223
   64
1122
6333
    0
1725
2822
   66
    7
2697
 245
1340
1263
3489
 631
1864
 446   0
3542
496
1011
2217
2664
   0
  57
   2
   2
238
  14
   3
   1
  54
111
  16
  18
  11
  43
1145
   0
   0
   0
   0
   2
  10
  41
  32
199
   9
134
   7
  64
  12
   8
   0
147
   0
   2
   1
   0
   0
  27
   2
  38
   2
   1
   6
   1
   4
   1
   3
  36
   7
   0
   4
128
  43 32
  3
  8
  1
 45
 21
  2
  3
  0
  2
  3
116
 28
 45
  4
  6
  0
 15
 12
  9
 15
  2
  1
  2
 30
  8
 28
 96
  4
 63
 10
 87
  0
695
  9
  8
  1
 25
  0
  0
  8
 82
  0
 24
  4
 36
 10
  9
  2
  1
 62
  0
 57
  0
  1
 25
 64
  0
  6
 57
  3
  22
1
20
10
10
8
9
0
1
1
1
5
2
85
12
11
25
0
2
0
2
1
1
0
29
0
1
33
4
4
23
2
7
10
0
0
12
14
42
3
6
3  0
  0
  0
  1
 12
  2
  0
122
 10
156
756
174
 22
  9
  0  0
 92
  0
  9
159
 86
  0
  0
144
181   54
   99
   26
 142
   14
   26
    7
 841
7326
 260
5536
 577
3658
1515
1388
1074
5091
 688
   35
 282
8490
 817
7625
 372
3749
19435
 5959
7607
4543
6222
1198
6784
    3
5515
14439
    2
 309
9743
 321
1314
 115
3159
   36    5
5715
1360
 708
 109
4607
3791
 510
 718
5191
 600
 416
8342
 954
1021
 112
1608
2633
   66
1242
 166
2498
3671
 222
 217
   34
3180
 151
5006
   92
1882
1058
1490
 565
 688
   13
3369
2770
 315
    1
2713
4438
 537
3581
4902
   40
16661
4086
1173
1924
15573
2745
 686
3309
2449
   13
5231
1449
4971
5454
2267
 7097926
 621
   73
   52
3068
7391
   49
1621
3415
1244
    5
3531
10090
6170
 416
1105
 302
   37
   31
10556
 965
 134
4113
2244
8489
 683
    4
3943
2395
   25
 808
 939
   18
6566
 188
 841
7326
 260
5536
 577
3658
1515
1388
1074
5091
 688
   35
 282
8490
 817
7625
 372
3749
19435
5959
7607
4543
6222
1198
6784
    3
551514439
    2
 309
9743
 321
1314
 115
3159
   36
    5
5715
1360
 708
 109
4607
3791
 510
 718
5191
 600
 416
8342
 954
1021
 112
1608
2633
   66
1242
 166
2498
3671
 222
 217
   34
3180
 151
5006
   92
1882
1058
1490
 565
 688
   13
3369
2770
 315
    1
2713
4438
 537
3581
4902
   40
16661
4086
1173
1924
15573
2745
 6863309
2449
   13
5231
1449
4971
5454
2267
 709
7926
 621
   73
   52
3068
7391
   49
1621
3415
1244
    5
3531
10090
6170
 416
1105
 302
   37
   31
10556
 965
 134
4113
2244
8489
 683
    4
3943
2395
   25
 808
 939
   18
6566
 188
    0
    2
    0
    1
  39
  13
    0
    7
    0
    12
1
0
21
1
0
0
0
2
2
1
0
1
0
0
2
0
0
26
0
0
3
0
2
1
1
1
0  5
  0
 17
  2
  0
  4
  0
  1
  0
  1
  0
  0
  1
  0
  0
  1
  0
  0
  1
  0
  0
  0
  2
  0
841
  0
  3
  1
  116
0
12
49
17
0
2
9
30
8
2
0
3
0
0
6
0   0
   0
   0
   0
   0
   0
  15
   0
   0
   0
160
   3
  27
3722
627
304
1142
650
952
271
2106
110
1818984
1387
2407
1262
   0
  83
116
   5
1237
639
1459
1557
266
280
133
2044
971
1298
2505
290
801
  96
246
525
278
422
104
564
1169
230
1486
  89
395
104
375
822
  71
410
825
4694
2579
677
470
738
  73
  10
1714
1172
635
188
480
  58
1742
766
2342
725
1147
695
1072
1812
952
124
452
853383
601
493
1676
  69
   0
1374
638
   5
2223
346
  28
2459
602
1017
205
294
880
   0
1265
213
1105
257
1177
404
  43
1012
  42
1069
   6
1494
758
   1
585
2221
  18
720
3270
859
113
  49
103
204
  43
1163
1341
376
1539
366
370
  30
3023
3122
  27
   4
262
145
  70230
  48
  59
  32
674
  93
366
  23
284
500
130
   0
  14
   8
   3
120
  78
  36
300
  22
  63
  55
  64
550
405
290
  91
393
   6
   3
102
  68
  98
  67
  60
312
  16
259
  13
  36
  20
215
229
   6
  38
  80
1290
666
123
118
  28
   9
   8
279
180
  58
  35
114
  24
438
115
143 51
209
 90
237
212
 83
 38
183
 50
186
 13
 73
211
 79
  0
160
249
  0
260
 30
 11
433
 89
448
 36
  7
258
  0
118
 29
 21
 66
233
 72
 11
154
 39
 25
  3
275
 44
  0
 62
443
  3
 86
 96
 68
 49
 12
 95
 70
 19
246
170
 38
186
 47
 86
 10490
247
  1
 87
 54
  4
255
 43
 22
  0
141
 24
157
 19
 82
308
274
  0
 12
  9
  5
 44
110
  5
 71
 16
 67
 16
 39
307
180
 93
 33
118
  7
 12
  0
  3
 40
265
 33
275
 19
205
 30
 57
 37
167
117
  9
 17
 70
675
190
 19
 98
 91
 30
  2
400123
 50
 16
 13
  3
197
 75
 33
  8
 77
 20
332
 59
 79
  3
 12
 63
366
 10
 53
 85
 10
  0
151
295
  0
241
 13
 13
355
 38
171
 85
 34
188
183
 12
 19
 50
146
 67
  2
 29
 29
  1
  2
185
 14
 43
196
  1
173
111
 52
 29
 15
 12
 93
 40
131
 20117
 92
 98
 82
 23
235
191
  1
  3
733
239
 35
257
 78
183
 32
458
111
410
 45
303
591
167
  0
 52
 53
 23
179
192
197
298
 75
285
 23
289
550
606
571
161
191
 60
 20
 92
 51
219
571
 73
611
 25
345
 34
 65
 98
130
283
 22
153115
929
710
 97
213
132
 86
  6
723
150
 73
 43
204
 18
273
175
370
100
218
125
717
173
372
 19
 87
229
811
 36
 78
329
 20
  0
229
436
 15
350
 74
 23
464
109
326
 32
 29
503
  0
438
 53
163
 63
231
248
  8
142
219
232
 65
401
113
  0
300
475
  5
356 664
 179
   69
   42
   24
 238
 260
 198
 286
 219
 204
 146
   57
 285
 434
 702
    3
 841
7485
8976
5536
2239
3658
2053
1388
20340
6415
 688
1604
 414
25055
11178
6056
9144
4279
15962
24347
5968
9446
4794
6805
3449
10836
2416
3951
6248
3865
16528
3038
27943
21756
5797
2697
9494
3495
 361
1302
8126
2208
11448
 891
16897
3793 848
4709
5360
 600
3447
2924
4611
8721
1657
1021
1312
22623
26248
2818
2205
1770
3660
4143
12295
5149
1075
3764
1352
5195
9535
3268
5972
1087
4722
1940
11511
5269
9541
4040
1552
2347
12693
5525
 908
5798
4364
5022
4791
24181
4107
14394
2453
17259
2754
 686
8604
3979
7041
5813
2065
6923
5473
17850
1339
11355
 621
 528
12651
4168
7489
17723836
5624
4755
6444
1171
3597
12259
16837
 444
4558
7463
1281
 344
13593
1490
3934
9345
8224
11304
4487
2551
3945
2397
4583
1907
 939
2951
13450
7430
    5
   24
    0
   17
    1
   27
    0
 638
 196
 663
 442
   54
 114
    9
   72
    0
 858
    0
    2
 841
    0
   12
    0
 593
 116
    0
   18487
150
  20
850
   0
1023
   0
   6
   0
1601
571
220
  32
  52
   2
  26
   0
  23
157
349
  40
  31
  49
  46
152
   0
  68
  27
  71
   1
1002
1441
   0
253
  45
2411
131
   0
  38
   1
   4
540
  18
   0
  73
   4
1127
   0
   0
   0
   0
3146
  12311
   4
  20
   0
   0
1169
  15
594
  84
   4
  27
737
   0
398
  23
   9
  49
  97
   9
1739
3620
582
227
1311
  34
298
   0
1600
107
  65
   5
   3
251
  49
  58
   7
  40
   2
   4
203
128
  30
   1
   0
  21
   1
  13
   8  6
  4
101
 61
 47
  0
 17
  0
  0
 18
  5
  1
 15
  0
100
  0
  9
  8
  4
 27
 12
  1
  1
  2
 18
 10
  2
  0
  1
 39
 14
 11
  0
  0
  0
 20
  0
  4
  0
 12
  1
 26
 59
 43
 18
  5
  0
  8
  1
 15
  5
421
131
 28
 31
 1921
9
32
6
3
3
5
4
3
14
0
20
2
0
55
6
55
5
6
5
9
1
5
48
12
2
4
9
14
5
45
3
25
0
5
4
8
12
0
8
2
5
1
3
0
1
3
2
5
511
16
8
1
7
1
2
2
5
1
2
1
9
1
6
2
0
3
11
18
6
1
1
0
10
7
7
2
4
1
4
3
2
1
6
3
0
5
1
4
1
2
4
1
9
113
1
5
1
5
9
0
1
1
1
4
1
3
1
0
2
5
2
5
1
0
0
61
31
8
23
7
6
6
1
6
2
6
25
0
3
4
0
15
0
1
0
35
4
5
3
14
10
0
2
0
1
9
0
9
2
1
80
20
15
2
27
0
0
2
0
28
0
3
5
0
42
38
3
1
18
10
16
0
1
5
1
7
9
2
1
1
0
18
4
0
9
3
6
3
13
0
1
1
24
5
1
14
2   10
   20
    0
   23
    0
    5
    3
   23
    6
    0
    0
   22
    1
    6
    9
    1
    0
    3
   11
    5
    4
    5
    3
    1
    7
    7
    7
    2
    0
    1
    4
    2
   10
    2
   14
    5
   10
    1
    1
   30
    7
    0
 121
3776
    0
 520
 120
17019
 485
 343   47
20808
2202
1911
 233
1202
7898
1818
    8
1562
   52
 475
 628
2173
 667
1461
 144
2310
1725
 531
24061
8996
1771
 802
7379
 167
   29
 157
1802
   48
8713
   47
8759
   44
1604
    1
   36
1024
1407
2472
 219
   11
 100
13113
19223
1556
   39
 422
 637
 397
8636
3044
   89
 250
 287
   79
6358
 194
1903
 162
1427
 414
7740
29403322
1057
 245
1022
5743
 273
 196
2771
 490
 116
2509
4956
    1
9832
   45
 905
    0
    0
1427
 662
4012
 209
 234
   96
   19
10454
 319
1790
   10
10732
 270
   24
 372
2384
2595
 674
2613
 212
   64
1116
6306
    0
1710
2808
   63
    7
2696
 226
1329
1259
3470
 628
1842
 429
  0
3530
 495
1006
2166
2648
 121
    0
   57   2
   2
238
  14
   3
   1
  54
111
  16
  18
  11
  43
1145
   0
   0
   0
   0
   2
  10
  41
  32
199
   9
134
   7
  64
  12
   8
   0
147
   0
   2
   1
   0
   0
  27
   2
  38
   2
   1
   6
   1
   4
   1
   3
  36
   7
   0
   4
128
  43
  32
   3
   8
   1
  45
  21
   2
   3
   0
   2  3
116
 28
 45
  4
  6
  0
 15
 12
  9
 15
  2
  1
  2
 30
  8
 28
 96
  4
 63
 10
 87
  0
695
  9
  8
  1
 25
  0
  0
  8
 82
  0
 24
  4
 36
 10
  9
  2
  1
 62
  0
 57
  0
  1
 25
 64
  0
  6
 57
  3
  2
  2
  1
 20
 10
 10
  8
  9
  0
  11
5
2
85
12
 0
11
26
0
1
2
0
3
12
0
1
0
2
9
0
134
4
4
28
2
8
2
11
0
0
13
15
51
3
1
7
3
0
1
0
01
12
2
11
0
1
66
25
3
0
0
21
7
13
0
8
0
0
0
0
0
00
1
0
51
0
0
0
32
0
0
0
0
0
3    0
   19
    0
    5
    0
    0
    1
    0
 841
7326
 260
5536
 577
3658
1515
1388
1074
5091
 688
   35
 282
8490
 817
7625
 372
3749
19435
5959
7607
4543
6222
1198
6784
    3
5515
14439
    2
 309
9743
 321
1314
 115
3159
   36
    5
5715
1360
 708
 109
4607
3791
 510
 718
5191
 600 416
8342
 954
1021
 112
1608
2633
   66
1242
 166
2498
3671
 222
 217
   34
3180
 151
5006
   92
1882
1058
1490
 565
 688
   13
3369
2770
 315
    1
2713
4438
 537
3581
4902
   40
16661
4086
1173
1924
15573
2745
 686
3309
2449
   13
5231
1449
4971
5454
2267
 709
7926
 621
   73
   52
3068
7391
   49
1621
3415
1244
    53531
10090
6170
 416
1105
 302
   37
   31
10556
 965
 134
4113
2244
8489
 683
    4
3943
2395
   25
 808
 939
   18
6566
 188
 841
    2
    0
    2
   23
   10
    1
    0
   27
    2
   10
    0
    0
   15
   24
    3
    0
    0
    1
    1
    2
    2
    2
    6
    0
   19
    5
    5
    0
    5
    2
    2
    1
    2
   15
    810
7
12
9
2
2
0
1
2
10
2
2
4
10
5
0
0
5
1
9
3
0
0
1
33
2
0
3
0
5
1
4
4
7
2
5
0
0
3
8
0
4
4
3
21
0
11
4
1
8
7
15
11
0
3
1
83
3
0
1
0
0
11
0
0
4
3
3
3
2
1
16
1
10
0
4
0
6
1
1
1
12
7
2
1
0
3
1
1
1
0
0
2
0
6
5016
0
1
0
2
0
0
0
1
0
0
1
0   0
   3
   0
   0
  18
   0
   1
   0
198
   1
  28
3510
643
327
1308
656
1023
271
2584
118
1932
987
1286
2555
1497
   0
  82
126
   5
1276
7521458
2004
278
280
160
2087
2217
1526
2570
383
1303
101
242
487
332
460
111
652
1343
259
1610
100
483
  65
519
980
  87
456
966
5238
2999
973
471
760
  67
  11
1915
1357
747
193
441
  78
2109
800
2363
730
1343
736
965
1743
895
135
530
934
440
597
534
1780
  71
   0
1295
1100
   4
2351
335
  32
3085
618
1149
280
313
864
   0
1243
222
1086
 316
1247
440
  43
1126
  49
1081
   5
1624
789
   1
595
2507
  21
799
3367
968
133
  19
119
277
   2
1472
1535
300
1622
407
521
  19
3685
3177
  28
   2
273
  93
  28
102
  30
  11
  11
195
  69
124
  14
118
193
 45
  0
 12
 14
  2
126
 14
 36
 58
 17
 18
 25
 59
138
 66
228
  5
 82
  3
  1
 25
 31
 61
 15
  5
118
  2
175
  6
  2
 15
 52
 41
  9
 14
  6
521
338
  9
 93
 31
  5
  4
104
 78
 23
 23
 27
  7
204
 90
104
 43
 16
 30
143
124
 11
 20
 43
 23
 29
 12
 13
174
 72
  0
 88
107
  2
139
 37
 12
 97
 82
 99
 10
  5
205
  0
 28
 13
  9
 31
 99
 59
  4
 50
  6
 15
  2
221
 13
  0
 76
295
  2
 46
 62
 11
 36
 12
114
 22
  1
105
 51
 29
 88
  7
 10
  1
101
248
  2
  9
2
0
1
0
0
2
1
0
1
24
0
0
0
2
3
0
0
1
2
2
0
3
16
8
0
38
0
0
0
0
22
0
2
0
0
4
0
  9
  1
 40
 52
  4
111
 14
  2
  1
160
 28
 75
 18
 95
225
124
  0
  9
  1
  5
 26
 25
  8
 46
 10
 69
  7
 26
174
 38
 80
 26
 74
  1
  4
  1
  8
 25
301
  6
223
  2
181
 19
  7
  6
 97
 93
  0
 14
 11
783
134
 16
 91
 44
  9
  4
456
138
33
 19
 21
  1
206
 62
 31
  6
 59
 17
185
112
 37
  3
 15
 65
193
  1
 44
 57
  9
  0
 48
138
  0
198
 17
  5
 91
 22
132
 33
  7
212
  0
 69
  1
 44
 15
150
 34
  7
 12
 33
  4
  3
122
  9
  0
 25
152
  0
 69
110
 21
 12
 46
 18
 53
 15
 81
  3
 30
 63
116
  4
 18
104
124
  1
  3
753
274
 55
361
 95
172
 44
791
126
512
 52
324
697
173
  0
 53
 48
 23
189
198
194
320
 76
314
 23
295
724
689
579
164
307
 62
 27
118
 77
193
659
 58
674
 17
374
 42
 56
 87
204
334
 25
151
 98
1172
822
128
228
169
  89
   9
841
216
  68
  48
263
  18
379
178
381
102
280
162
730
259
397
  19
132
249
1069
  36
112
351
  29
   0
282
513
  14
450
  72
  37
413
114
434
  27
  50
539
   0
487
  57
153
  70
312
260
   8
153
174
210
  58
400
130
   0
298
539
   5
400
669
153
   72
 143
   31
 284
 262
 236
 282
 249
 279
 179
   51
 267
 580
 707
    3
 841
7485
8976
5536
2239
3658
2053
1388
20340
6415
 688
1604
 414
25055
11178
6056
9144
4279
15962
24347
5968
9446
4794
6805
3449
10836
2416
3951
6248
3865
16528
3038
27943
21756
5797
2697
9494
3495
 361
1302
8126
2208
11448
 891
16897
3793
 848
4709
5360
 600
3447
2924
4611
8721
1657
1021
1312
22623
26248
2818
2205
1770
3660
4143
12295
5149
1075
3764
1352
5195
9535
3268

5972
1087
4722
1940
11511
5269
9541
4040
1552
2347
12693
5525
 908
5798
4364
5022
4791
24181
4107
14394
2453
17259
2754
 686
8604
3979
7041
5813
2065
6923
5473
17850
1339
11355
 621
 528
12651
4168
7489
1772
3836
5624
4755
6444
1171
3597
12259
16837
 444
4558
7463
1281
 344
13593
1490
3934
9345
8224
11304
4487
2551
3945
2397
4583
1907
 939
2951
13450
7430
    0
    1
 249
    0
    0
   45
    0
 317
 215
 895
 402
   21
 101
   16
   61
    0
 952
    2
    4
 882
   16
    0
 458
 135
    0
    9633
222
  14
853
1584
  23
1662
741
244
  19
  31
   0
  18
   0
   9
161
349
174
  64
  71
  44
166
   1
  81
  46
  64
   1
1134
1549
323
  58
2410
149
   3
  39
   0
813
  42
  86
  24
1247
   0
   3
   0
   0
3196
   0389
   0
  22
   2
   0
1152
576
  56
  47
  35
1019
499
142
  14
   4
  66
1755
3572
712
514
1496
  42
339
1590
  86
  94
   0
  42
  51
  17
   0
   0
   3
  36
   0
   3
  25
231
   3
   9
   3
   1
   0
   0
   3
   0
   9
   14
32
29
36
0
5
5
0
7
1
11
32
0
7
1
29
35
0
3
0
19
73
3
0
0
0
0
16
15
0
2
2
27
7
1
10
1
7
14
91
4
16
13
1
2
22
2
2
11
0
28
76
21
0
6
914
14
0
0
1
14
0
0
0
72
0
0
0
2
15
6
0
30
1
30
0
3
5
1
8
4
23
2
1
13
8
0
5
3
1
42
28
0
5
5
11
13
0
10
2
5
1
3
00
1
8
3
8
87
11
17
1
8
2
7
1
2
2
2
5
1
2
1
10
1
6
2
1
3
14
18
6
1
1
0
10
9
7
4
5
2
4
3
3
1
6
5
1
5
1
5
1
3
51
10
1
18
1
5
1
6
11
0
1
1
1
4
2
3
1
0
2
6
4
5
1
0
1
63
34
8
29
7
6
8
1
6
3
6
28
2
5
12
0
21
33
2
9
2
2
7
0
11
0
4
2
2
79
7
50
0
44
2
20
10
4
1
25
2
0
15
14
10
0
1
5
0
12
13
1
6
0
0
33
0
1
1
5
3
5
5
10
0
0   3
  19
   0
   4
   3
   6
  10
  40
   0
   2
   1
   8
   0
   0
  38
   0
   2
  20
   0
   2
   3
   1
  10
   3
   0
   1
  16
   8
  18
   1
   0
  11
   6
   2
  15
   0
   4
   4
  16
   0
   3
  11
  11
   2
121
3768
   0
496 120
16993
 485
 342
   47
20753
2197
1903
 233
1188
7877
1815
    8
1561
   52
 474
 614
2164
 666
1443
 143
2295
1721
 528
23893
8971
1694
 799
7314
 167
  29
 157
1800
   48
8667
   47
8740
   44
1592
    1
   36
1012
1338
2462
 219
   11
   99
13041
19200
1540
   39
 419
 631
 396
8604
3003
   87
 244
 286
   78
6276
 1931898
 159
1410
 407
7724
2931
3302
1056
 244
1015
5633
 273
 195
2751
 475
 116
2487
4941
    1
9735
   45
 904
    0
    0
1422
 656
3985
 207
 234
   95
   19
10401
 317
1780
   10
10706
 270
   24
 368
2371
2592
 673
2588
 207
   64
1115
6271
    0
1689
2784
   61
    7
2696
 210
1315
1257
3442
 627
1816
 420
    0
3503
 4951002
2140
2622
121
   0
  57
   2
   2
238
  14
   3
   1
  54
111
  16
  18
  11
  43
1145
   0
   0
   0
   0
   2
  10
  41
  32
199
   9
134
  7
  64
  12
   8
   0
147
   0
   2
   1
   0
   0
  27
   2
  38
   2
   1
   6
   1
   4
   1
   3
  36
   7
   0
   4
128
  43
  32
   3
   8
   1 45
 21
  2
  3
  0
  2
  3
116
 28
 45
  4
  6
  0
 15
 12
  9
 15
  2
  1
  2
 30
  8
 28
 96
  4
 63
 10
 87
  0
695
  9
  8
  1
 25
  0
  0
  8
 82
  0
 24
  4
 36
 10
  9
  2
  1
 62
  0
 57
  0
  1
 25
 64
  0
  6
 57
  3
  2
  2
  1
 20
 1010
8
9
0
1
1
1
5
2
85
12
0
0
27
1
5
0
13
2
0
4
09
0
1
41
2
0
22
3
10
2
10
1
1
24
6
64
5
0
6
3
01
0
0
16
2
0
1
0
1
7
36
34
1
1
0
0
1
7
9
1
0
0
0
0
71
0
4
3
0
0
0
2
2
20
0
3
1
0
1
2
4
0
94
9
0
0
0
0    1
    0
    0
   17
    3
    0
   24
    3
    0
    0
    0
    1
    1
 841
7326
 260
5536
 577
3658
1515
1388
1074
5091
 688
   35
 282
8490
 817
7625
 372
3749
19435
5959
7607
4543
6222
1198
6789
    3
5515
14439
    2
 309
9743
 321
1314
 115
3159   36
    5
5715
1360
 708
 109
4607
3791
 510
 718
5191
 600
 416
8342
 954
1021
 112
1608
2633
   66
1242
 166
2498
3671
 222
 217
   34
3180
 151
5006
   92
1882
1058
1490
 565
 688
   13
3369
2770
 315
    1
2713
4438
 537
3581
4902
   40
16661
4086
1173
1924
15573
2745
 686
3309
2449
   13
5231
1449
4971
5454
2267 709
7926
 621
   73
   52
3068
7391
   49
1621
3415
1244
    5
3531
10090
6170
 416
1105
 302
   37
   31
10556
 965
 134
4113
2244
8489
 683
    4
3943
2395
   25
 808
 939
   18
6566
 188
 841
    4
    6
    1
   33
   21
    4
    2
    0
   47
   34
   21
    4
    2
   19
   36
    5
    9
    1
    2
    4
    1
    8
    5  3
 33
  2
 30
  8
 12
  1
  8
 42
  3
  2
 23
 22
 20
  5
 18
 14
100
  1
  3
  2
  1
  3
  1
  4
  6
 21
  7
  6
 21
  7
  0
  3
 42
 34
 13
  2
 44
  1
  8
 23
  4
  1
  4
  1
 10
  3
  7
 14
  7
  7
  8
  3
  1
 14
 26
  0
  9
 10
  0
 32
 24
 1335
3
4
3
5
46
19
0
11
1
14
10
4
1
2
1
1
34
0
0
13
9
0
8
3
9
3
11
1
3
17
5
9
2
21
3
1
1
62
20
4
0
2
1
0
0
0
11
0
0
8
0
0
0
0
0
0
0
0
0
0
0
0
0
0
1   0
   0
   0
   2
   0
   0
   0
   0
   2
   0
   0
   0
   0
   0
   0
   1
   0
   1
   0
  27
3707
438
270
1118
667
1001
220
2620102
1979
962
1194
2281
1414
   0
  50
  93
   6
1330
682
1449
1962
249
260
133
2109
2212
1498
2624
287
1393
  51
246
338
201
402
142
625
875
242
1584
119
463
   5
426
928
  99
357
908
5201
3107
996
552
729
  34
   8
1609
1453
664
197
338
  48
1978
868
2315
732
1065
664
762
1451
712
118421
904
448
564
514
1779
  90
   0
1486
781
   4
2362
357
  19
2729
601
1058
226
298
938
   0
1173
206
968
273
1064
503
  35
1001
  85
983
   9
1631
719
   1
548
2057
  22
702
3035
895
138
 31
147
272
  27
1329
1023
163
1597
334
487
  16
3245
3363
  27
   2
238
  15 27
244
 23
 22
 14
 85
 42
152
 12
 40
272
 99
  0
 18
 16
  6
 52
 27
 58
108
 30
 41
 22
 49
211
 87
236
 53
 29
  7
  1
 18
 29
 78
 58
 19
148
 11
106
  5
  7
 26
 78
 72
  9
130
 51
542
144
  5
 97
 33
 25
  4
218
 24
 79
  9
 34
  3
275 23
130
 27
219
 53
186
287
 62
 21
 57
 41
152
 22
 41
146
 14
  0
153
178
  1
171
 11
  3
306
 68
 99
 39
  5
200
  0
 59
 40
 39
 64
172
 32
  4
124
 14
 40
  1
205
 27
  0
129
348
  0
 67
206
 50
 44
 10
  6
 14
  7
 79
141
 29
 91
 78
 33 10
387
257
  2
  0
  0
  2
  0
  0
 55
 22
 19
  0
  0
  0
  0
  0
  0
 38
  0
  5
  5
  0
  1
  5
  5
  00
0
0
0
7
5
3
0
0
0
1
32
0
2
37
0
0
0
4
26
0
1
17  1
  3
  5
  0
  0
  1
171
131
 29
261
 28
 24
 28
232
 37
240
 25
250
227
138
  0
 14
 15
  7
 57
 25
 14
 68
 15
 64
 20
 41
426
243
136
 73
154
  5
  8
 27
 45
 74
266
 25
197
  9
181
  1
 26
 31
 98
126
  0 20
 33
850
188
 19
 45
 62
 24
  6
458
 43
 47
 23
 50
 14
414
 72
 70
 15
165
 60
202
368
 95
 13
 43
 70
275
  5
 23
139
 53
  0
155
213
  0
173
 28
 10
210
 55
170
 75
 16
159
  0
104
 17
 78
 31
146
  9
 12
 82
 44
114
 23
192
 25
  0
 44
279  0
 92
208
 56
 30
 23
117
 55
 35
117
172
 62
 58
 79
 27
 34
279
202
  1
  4
695
274
 57
330
100
169
 43
903
126
505
 50
297
847
215
  0
 60
 49
 25
191
181
170
309
 78
293
 24
267
649
689
529
166
277
 59
 26
119
 78
169
664
 57
642  16
374
  42
  59
  79
173
315
  26
144
  96
1162
809
136
191
178
  92
   9
908
231
  70
  54
271
  16
287
174
352
  88
280
161
689
189
400
  21
133
243
1000
  38
119
318
  26
   0
259
488
  14
473
  62
  35
434
107
411
  31
  52
494
   0
448
  49
137
  71
368
245
   8 142
 160
 208
   53
 380
 128
    0
 258
 572
    5
 373
 674
 149
   65
 194
   31
 272
 264
 239
 265
 214
 277
 190
   49
 261
 576
 653
    4
 841
7485
8976
5536
2239
3658
2053
1388
20340
6415
 688
1604
 414
25055
11178
6056
9144
4279
15962
24347
5968
9446
4794
6805
3449
10836
2416
3951
6248
3865
16528
3038
27943
21756
57972697
9494
3495
 361
1302
8126
2208
11448
 891
16897
3793
 848
4709
5360
 600
3447
2924
4611
8721
1657
1021
1312
22623
26248
2818
2205
1770
3660
4143
12295
5149
1075
3764
1352
5195
9535
3268
5972
1087
4722
1940
11511
5269
9541
4040
1552
2347
12693
5525
 908
5798
4364
5022
4791
24181
4107
14394
2453
17259
2754
 686
8604
3979
7041
5813
20656923
5473
17850
1339
11355
 621
 528
12651
4168
7489
1772
3836
5624
4755
6444
1171
3597
12259
16837
 444
4558
7463
1281
 344
13593
1490
3934
9345
8224
11304
4487
2551
3945
2397
4583
1907
 939
2951
13450
7430
 841
    0
   16
 195
    3
    0
    0
   37
    1
 196
 224
1053
 572
   36
   72
   13
   30
   65
1010  14
   2
899
  28
464
243
   2
233
178
   8
922
1538
  37
1721
773
303
  11
  23
112
  10
   8
101
331
264
160
  19
  44
157
   0
148
  45
127
131
1441
145
110
2381
183
   4
  55
738
123   3
102
  44
1429
   0
   0
   0
3390
517
  22
   6
   9
517
521
524
527
530
533
536
539
542
546
549
552
555
558
561
564
567
570
574
577
580
583
586
589
592
595
598
602
605
   0
   5
  29
  23
   0
   0
   3
  14
   3
   0 50
  1
  0
  2
 28
 58
  1
  9
 51
 18
 55
  2
  1
  6
  0
  0
176
 26
  0
  1
 10
 46
  9
  8
 56
 10
  2
  2
  0
  0
 42
 10
  2
  2
 18
  1
 10
  3
 34
  1
  5
  4
  8
  5
 79
  05
36
0
7
89
16
0
0
4
15
27
0
1
12
2
0
32
4
12
3
47
12
2
46
8
33
0
13
0
14
1
60
29
2
7
16
2
1
0
3
5
30
0
65
11
15
0
10
1
3
8
1
3
0
0
1
8
3
8
5
0
15
18
1
12
2
8
2
3
2
2
6
1
2
1
10
1
0
7
3
0
1
3
22
22
7
1
1
1
10
9
7
4
5
2
7
5
3
17
5
2
6
2
5
2
4
5
3
10
1
18
1
6
1
7
12
1
2
1
2
1
4
2
3
1
0
3
7
4
5
1
0
1
69
38
9
31
9
6
8
1
6
3
6
30  0
 10
  1
 12
  0
  1
  0
 40
  1
  3
  2
 16
  3
  0
  0
  2
  8
  2
  5
  1
 21
  1
  1
145
 16
 24
  0
 46
  0
  5
  0
 49
 32
  7
  4
 19
 25
  0
  1
 28
 33
  6
  1
  1
  1
 35
 19
  09
0
0
70
0
12
2
18
1
36
5
6
1
0
4
15
1
15
4
39
4
23
0
1
3
2
17
1
0
0
15
1
4
5
0
0
2
9
9
0
6
1
1
23
16
8
0
0
0
3
4
0
16
1
8
4   17
    0
   10
   13
    5
    0
 121
3749
    0
 492
 120
16962
 484
 341
   44
20670
2196
1894
 233
1185
7848
1804
    8
1563
   52
 474
 603
2154
 659
1428
 142
2254
1718
 525
23587
8922
1646
 799
7222
 167
   29
 157
1796
   48
8595
   45
8682
   44
1575
    1
   36
1005
1293
2431
 219
   11
   97
1299219135
1519
   39
 416
 627
 395
8531
2965
   86
 234
 284
   78
6140
 192
1883
 155
1380
 399
7643
2921
3290
1055
 242
1005
5603
 272
 194
2718
 470
 116
2430
4916
    1
9657
   45
 903
    0
    0
1414
 650
3953
 211
 230
   94
   19
10370
 316
1774
   10
10687
 270
   24
 366
2337
2582
 670
2567
 199
   64
1113
6230
   0
1654
2773
   58   7
2694
191
1291
1256
3396
623
1791
408
   0
3473
493
990
2117
2605
121
   0
  57
   2
   2
238
  14
   3
   1
  54
111
  16
  18
  11
  43
1145
   0
   0
   0
   0
   2
  10
  41
  32
199
   9
134
   7
  64
  12
   8
   0
147
   0
   2
   1
   0
   0
  27
   2
  38
   2
   1
   6
   1  4
  1
  3
 36
  7
  0
  4
128
 43
 32
  3
  8
  1
 45
 21
  2
  3
  0
  2
  3
116
 28
 45
  4
  6
  0
 15
 12
  9
 15
  2
  1
  2
 30
  8
 28
 96
  4
 63
 10
 87
  0
695
  9
  8
  1
 25
  0
  0
  8
 82
  0
 24
  4
 36
 10
  9
  2
  1
 62
  057
0
1
25
64
0
6
57
3
2
2
1
20
10
10
8
9
0
1
1
1
5
2
85
12
0
7
32
0
0
0
5
0
1
7
0
0
11
8
0
25
0
1
1
46
0
4
5
17
0
3
15
2
5
1
0
0
2
2
0
26
18
74
0
7
0
110
0
1
0
0
0
1
28
2
7
0
1
0
2
0
7
0
12
0
12
4
1
5
0
2
0
4
10
1
0
4
1111
14
9
2
0
1
4
16
7
10
1
0
0
0
1
3
3
23
49
1
2
1
0
3
2
0
4
1
1
2
10
1
2
1
0
0
4
13
2
1
5
0
4
8
1
3
0
3
7
2
1
3   11
    2
    1
    0
    9
    4
    0
    1
    0
    3
    1
    0
    3
    2
    3
   10
   15
    1
    1
    1
   29
    8
    0
 841
7326
 260
5536
 577
3658
1515
1388
1074
5091
 688
   35
 282
8490
 817
7625
 372
3749
19435
5959
7607
4543
6222
1198
6784
    3
5515
14439
    2
 309
9743
 321
1314
 115
3159
   36
    5
5715
1360
 708
 109
4607
3791
 510
 718
5191
 600
 416
8342
 954
1021
 112
1608
2633
   66
1242
 166
2498
3671
 222
 217
   34
3180
 151
5006
   92
1882
1058
1490
 565
 688
   13
3369
2770
 315
    1
2713
4438
 537
3581
4902
   40
16661
4086
1173
1924
15573
2745
 686
3309
2449
   13
5231
1449
4971
5454
2267
 709
7926
 621   73
   52
3068
7391
   49
1621
3415
1244
    5
3531
10090
6170
 416
1105
 302
   37
   31
10556
 965
 134
4113
2244
8489
 683
    4
3943
2395
   25
 808
 939
   18
6566
 188
 841
    2
   11
    0
    2
   13
    7
    0
    3
   53
   12
   18
    5
    0
   17
   32
    3
    1
    0
    2
    4
   28
    1
   10
   24
    5 14
 15
 82
  5
  5
  0
  2
  3
  1
  4
 12
  4
  8
  3
100
  2
  2
  2
  1
  5
  0
  3
  4
 40
 31
  3
 11
  4
  0
  0
 77
 27
 11
  7
  7
  3
  9
 11
  9
  2
 13
  4
  4
  4
  9
 16
  3
 14
 17
  5
  2
 10
 14
  0
  8
  6
  2
 20
 11
  7
 80
  6  4
  5
  2
 33
  8
  0
 10
  1
 19
 42
  2
  0
  7
  6
  0
 91
  6
  0
 37
  4
  0
  6
 14
  6
  4
  8
  0
  6
 19
  9
 10
  1
 25
  6
  2
  5
133
154
  2
  1
  1
  0
  0
  10
0
0
0
1
8
2
0
0
1
11
2
0
1
0
0
0   1
   0
   0
   0
   3
   0
   0
   0
   1
   1
   1
  29
3837
623
259
1478
624
997
184
2534
1252100
933
1262
2625
1430
   0
105
  96
  53
1337
668
1438
1848
233
318
142
2086
2442
1510
2614
241
1394
113
248
628
285
444
281
603
1125
253
1522
104
440
  20
558
871
  93
336
916
5214
2995
930
514
823
  90
  17
1900
1283
735
140
326
  68
2494
508
2285
725
973
618
911
1946
923
123
448901
703
506
461
1814
152
1821
1039
   6
2245
261
  25
2593
630
1033
256
304
1067
   0
1150
270
922
325
1224
468
  22
1125
115
946
  30
1621
630
   1
475
1946
  23
835
3074
974
168
  91
251
367
146
1295
1310
364
1422
378
465
118
2903
3189
  29
   2
125
  37 50
124
 42
 24
 59
160
 67
302
 32
 60
152
 84
 14
 37
  2
 65
 21
 29
147
 29
 22
 25
 40
205
215
132
 52
108
 14
  2
113
 30
 96
 69
 52
117
  4
259
 19
 18
 24
 82
127
 15
172
 50
518
306
 36
 98
 40
  8
  1
237
192
 40
 24
 67
 12
102
153 80
 22
196
100
 89
 32
 40
 33
153
 48
119
 34
 64
126
  7
  0
 58
153
  2
490
 47
 11
337
 46
109
 21
  6
147
  0
 66
  4
 30
  6
 72
 71
  8
 35
  4
 33
  9
156
 80
  0
197
250
  3
 41
121
 14
 19
 20
 12
 64
 16
138
117
 12
298
 17
 57  9
378
250
  2
  0
  3
  0
  8
 19
  1
  0
  0
  0
 34
  1
  5
  0
  0
  4
  020
0
3
0
6
0
0
39
0
7
3
28
22  5
  3
  5
  0
  0
  1
 84
  5
 28
 33
 30
 12
 24
245
 67
173
 13
 29
137
 83
  0
 25
 24
  7
 37
 15
 21
 49
 36
 25
 18
 32
389
161
115
102
115
 12
 12
 28
 17
 26
133
 10
 75
  5
 46
 16
 14
 47
 59
  5
 62 24
111
 86
 52
 21
 76
 21
  3
199
 30
 14
 25
 52
  7
 33
153
 46
 12
218
 62
177
 33
 46
  7
 65
 35
206
 12
  2
 63
  7
  0
 27
 97
  0
 76
 37
 13
162
 32
 30
 23
 30
 30
 65
  4
 25
  8
 77
 11
  4
 47
 15
 59
 10
140
 30
  0
 90
 56 55
123
 12
  6
 18
  4
 32
 15
 35
100
 12
 30
 35
 19
 11
408
154
  1
  4
784
275
 74
343
120
186
 49
979
108
512
 58
301
734
281
  0
 34
 23
 15
137
164
188
368
 81
243
 25
282
701
669
531
172
328
 29
 25
126
 94
180
454
 63
641  27
409
  41
  73
  57
  95
319
  29
  91
  89
1761
869
165
259
133
  81
   9
753
186
104
100
296
  13
424
335
384
  95
284
184
594
293
398
  17
164
218
844
  38
153
365
  33
   0
270
464
  10
396
120
  31
519
103
391
  63
  36
552
   0
402
  32
121
100
440
195
  24
134 129
 217
   53
 364
 136
    0
 190
 516
    2
 323
 693
 157
   59
 166
   53
 201
 224
 229
 259
 189
 223
 177
   55
 239
 667
 745
    4
 841
7485
8976
5536
2239
3658
2053
1388
20340
6415
 688
1604
 414
25055
11178
6056
9144
4279
15962
24347
5968
9446
4794
6805
3449
10836
2416
3951
6248
3865
16528
3038
27943
21756
5797
26979494
3495
 361
1302
8126
2208
11448
 891
16897
3793
 848
4709
5360
 600
3447
2924
4611
8721
1657
1021
1312
22623
26248
2818
2205
1770
3660
4143
12295
5149
1075
3764
1352
5195
9535
3268
5972
1087
4722
1940
11511
5269
9541
4040
1552
2347
12693
5525
 908
5798
4364
5022
4791
24181
4107
14394
2453
17259
2754
 686
8604
3979
7041
5813
2065
69235473
17850
1339
11355
 621
 528
12651
4168
7489
1772
3836
5624
4755
6444
1171
3597
12259
16837
 444
4558
7463
1281
 344
13593
1490
3934
9345
8224
11304
4487
2551
3945
2397
4583
1907
 939
2951
13450
7430
 841
   40
   62
   56
   42
   37
   14
 151
   26
   31
   19
   75
   35
   22
    4
   83
   25
   40
    0
    6
    1
    0
3203
12022
 428
3218
 42130638
2066
11472
18512
9312
3494
3664
 536
7688
3070
1793
3203
 976
 168
   66
   67
 421
  59
 957
 253
 158
    6
   24
   69
   50
   11
 190
 129
 976
    0
    2
    1
    1
    1
    4
    6
    5
    0
    2
    6
    1
    2
   14
   15
    1
    4
    6
    8
    1
    1
4908
1960
1461
1672
 779
 155
3070
1344
3897
 649
1176
 945
3248
 3804908
   8
   2
  18
   5
   3
   1
  35
   1
   2
   1
   1
   4
   2
  16
   1
   8
   0
   0
   0
   0
   6
  11
   6
   5
   8
  15
   4
   4
  16
  28
   1
   1
   4
  15
   1
   0
   1
   1
   6
   4
  13
  16
  27
   3
   1
   7
   8
   0
   2
   2
   7
   0
   1
   2
   1
  13
   3
  11
   8
  17
   6
   1
  11
   7    1
    2
    5
   12
    1
    2
   24
9162
14257
2113
5043
1700
30959
6406
13130
22619
9492
4403
4960
1577
7758
6709
2477
9162
    0
   44
   44
   42
   19
   35
   24
   89
   13
   10
   19
   24
   22
   20
    2
   60
    1
   44
   44
   42
   19
   35
   24
   89
   13
   10
   19
   24
   22
   20
    2
   60
    1
   44
   44
   42
   19
   35
   24
   89
   13
   10   19
   24
   22
   20
    2
   60
    1
   44
   44
   42
   19
   35
   24
   89
   13
   10
   19
   24
   22
   20
    2
   60
    1
   44
    0
    6
   65
    3
    4
    1
    8
    1
    1
    4
    1
    2
    0
    8
    5
    8
    8
    3
    8
    2
    2
    0
    8
    1
    1
3188
11968
 419
3201
 416
30586
1951
11431
18380
9266
3389
3643
 515
7679
2996
1776
3188976
168
  66
  67
421
  59
957
253
158
   6
  24
  69
  50
  11
190
129
976
   2
   0
   6
   0
   7
   0
   1
  45
   0
   3
   0
   4
   2
  26
  44
  39
   1
   4
   7
  22
4908
1960
1461
1672
779
155
3070
1344
3897
649
1176
945
3248
380
   1
   0
   0
   0
   3
   1
  16
   2
   0
   1
   4
   2
   0
   0
   0    4
    8
    5
   11
    5
   29
    5
   20
   17
   20
    2
    6
    8
    4
    0
    2
    5
   19
    8
    7
   36
   65

    6
   39
   39
   34
    1
    2
   13
   22
   15
   34
   40
   53
   32
   13
   65
   97
   45
   52
   66
 155
   31
   21
   36
   91
 172
9162
14257
2113
5043
1700
30959
6406
13130
22619
9492
4403
4960
1577
7758
6709
2477
   29
   78
   63   25
   18
   19
 147
   39
   67
   92
 105
   15
   21
   11
 101
    1
    7
   64
    4
    0
    8
    0
    1
    2
   12
    5
    3
    4
    6
    9
    1
    5
    2
    2
    4
    0
    0
   12
    7
3186
11952
 414
3197
 412
30577
1941
11424
18373
9260
3382
3639
 514
7679
2981
1768
 976
 168
   66
   67
 421
   59
 957
 253
 158
    6
   24
   69
   50
   11190
129
   0
   1
   0
   6
   0
   4
   9
   0
   2
   1
  13
   9
   2
   7
   7
   7
  12
   2
   3
  21
  10
4908
1960
1461
1672
779
155
3070
1344
3897
649
1176
945
3248
380
   3
   6
   0
   0
   1
   2
  10
   4
   1
   1
   3
   0
   4
   0
   3
   0
   0
   0
   6
   3
  10
  16
   7
  18
  10
   0
  15
  10
  13    5
    1
    1
   25
    1
    1
    4
    1
    2
    4
   13
    4
    8
    6
   10
    3
    3
    5
    7
    0
    2
 159
    7
   12
   33
   23
    1
    6
   63
    7
   23
   40
   42
    6
    3
   13
   38
    0
   40
   47
   59
   33
   55
   91
 111
   50
   62
   61
 166
   31
   25
   34
   82
   20
9162
14257
2113
5043
1700
30959
6406
13130
22619
9492
4403
49601577
7758
6709
2477
    0
   33
   74
   65
   36
    4
   32
   91
   11
   68
 115
   73
   29
    3
   30
 112
 100
    2
    0
    8
   65
    3
    4
    1
    0
    8
    0
    1
    1
    0
    0
    3
    2
    4
    2
    1
    3
    0
    1
    1
3186
11950
 414
3196
 411
30572
1939
11418
18368
9258
3377
3638
 514
7678
2978
1766
 976
 168
   66
   67
 421
   59957
253
158
   6
  24
  69
  50
  11
190
129
   5
   0
   4
   0
   8
   0
   0
   2
   5
   3
   3
   0
   4
  12
   7
   5
   5
  12
   3
   3
   0
  15
   0
4908
1960
1461
1672
779
155
3070
1344
3897
649
1176
945
3248
380
   3
   3
   2
   2
   7
   1
  39
   9
   2
   0
   3
  15
   0
   3
   1
   0
   1
  13
   9   5
  10
   6
  11
   3
  10
   1
  14
   4
   3
   0
  14
   1
   4
   6
  14
   1
   2
  11
   3
   6
   3
  17
   1
   1
   1
  17
   2
   0
   1
   0
   0
  74
   1
   6
   3
   2
   5
   4
  24
   2
   7
   8
  21
   1
   1
   0
   2
   2
  52
  67
  84
  42
  63
109
184
  69
  92
  86
209
  38
  35
  37
128
  22
916214257
2113
5043
1700
30959
6406
13130
22619
9492
4403
4960
1577
7758
6709
2477
    0
    0
    2
   27
    2
    1
   16
    6
   14
    2
   32
   10
   14
    4
    2
    1
   31
    0
    1
    1
    9
    6
    2
    5
    5
    0
    1
    1
    0
    0
    0
    1
    1
    0
    0
    2
    1
    1
    1
    2
    2
    1
    0
    0
    1
    0
3185
11950
 413
3195
 41130557
1995
11419
18363
9253
3376
3635
 521
7678
2972
1765
    6
    0
    5
    1
   13
    1
    0
    0
    0
   13
   10
   12
    1
   18
   34
   21
   21
   15
   33
    0
    7
    5
   11
   15
4908
1960
1461
1672
 779
 155
3070
1344
3897
 649
1176
 945
3248
 380
   23
   13
   19
   22
   11
    4
   62
   11
    5
    5
    9
    6
   13
    6
   28
    4
    0  0
  0
  0
  0
 27
 12
 11
 10
 36
 12
 11
 21
 16
 98
  1
  3
  6
 30
  6
  5
 14
 28
  7
 13
 12
 29
  3
 18
 20
 18
  9
  2
  2
 31
  0
  3
  2
  0
153
 16
  2
  6
  3
  0
  0
  8
  3
 20
 42
  7
 33
  1
  2
 33
  0
 47
 74
 95
 49
 37
 99
217
 53
 80
106
173   26
   31
   46
 134
   25
9162
14257
2113
5043
1700
30959
6406
13130
22619
9492
4403
4960
1577
7758
6709
2477
   12
   53
   49
    7
   33
    0
    0
  20
 237
   12
    4
    2
    4
   12
    7
    6
    2
   12
   25
    3
    5
    5
   42
    2
   14
    8
    1
   32
    2
   16
    1
    7
    3
    7
    9
    5
    2
    2
   34
    1
    2
    1
   11
   49
   1057
5
0
1
9
9
7
16
20
10
3
4
3
6
0
17
4
1
2
2
18
7
1
18
2
5
7
2
8
2
6
4
7
1
14
3
10
29
6
1
2
1
5
5
0
0
6
13
1
88
4
1
0
14
1
1
5
3
2
0
1
2
2  25
  89
  97
135
  21
176
336
  46
  77
  53
189
124
   8
  31
110
  31
  45
201
144
  69
  45
  77
  45
  20
  21
189
   8
  27
105
 21
334
  14
  11
   3
  99
137
  87
724
  12
   8
  58
  19
  14
   6
290
111
  90
   6
  26
   8
  54
   6
  99
3304
1909
1226
916
1389
1528
379
583
1388
1674
5156
197 796
2355
 251
 898
3209
2860
2301
3650
19605
3183
 352
4267
5927
 115
 392
 691
 245
6605
 137
 122
 248
1111
3131
2403
27477
 159
 113
 737
 182
 267
   72
5802
4308
2050
   27
 553
   75
2081
 117
8333
   34
   17
   22
    1
   13
    1
    9
    1
   12
    1
 388
    5
    2
    7
    0
    5
   33
    3
    2
    0
 189
 209
    7
   51
   58
    0  2
  1
  1
 40
  0
  1
  4
  1
 10
 43
774
 12
  1
  4
  3
  2
  0
 33
  3
  1
  0
  5
  3
 20
  3
  4
 21
  0
  4
  0
  1
  8
  1
  0
  2
  1
 19
  0
  1
  1
 94
109
 54
165
 55
 22
 36
  0
184
  4
 19
 35
 52
 31
109
 88
 11
 17
 49
 32
 24
 10
 80
 64
125
 56129
   2
  75
  61
  41
  85
   8
  25
  12
   5
174
117
  20
  10
  84
  41
  48
   2
259
103
  54
  54
146
  35
   0
   8
1692
907
   1
811
  87
   5
  11
  40
  26
272
   1
1232
327
  53
  97
557
   0
294
186
3775
   4
  45
  65
375
212
  43
  64
1337
   4
   5
  16
476
1042
2407
472
  17
  92
  23
3117
1781681
  97
  11
   3
1679
   4
   1
   5
   1
  21
  11
   4
   7
   5
   5
  20
   0
   3
   5
   2
   5
   5
   2
   5
   6
  14
  29
   5
   8
  10
   1
   2
   8
   1
   6
   0
   0
   6
   0
  14
  10
  31
   4
   1
   7
   1
   1
   0
   3
   3
   1
   0
   3
   1
   6
   1
   6
   0
   1
   0
   1
   0
   0
   0
   0
1285628
624
811
1759
661
570
845
1523
642
560
463
420
1789
769
1466
516
431
1270
747
603
262
1902
1849
850
449
270
622
548
909
410
456
1329
612
1186
 764
1992
1161
288
586
872
634
320
1169
923
505
279
1170
387
468
630
634
142
  58
169
100
323
186
  94
134
  84
102
105
  44
  75
108
  82
137
151
157
 83
125
106
 51
142
120
414
 24
 47
216
 71
189
 63
 49
 94
 36
109
125
633
 64
  6
 99
 78
 52
  8
134
143
 67
 29
148
 44
219
 81
152
115
 82
140
 41
167
377
 67
 97
148
372
242
 33
 50
149
 38
102
 64
122
108
153
120
142
124
 77
275
 30
 25
117
 22252
 44
 18
 67
 76
225
 83
877
 40
 22
 66
 56
 70
 27
 74
122
 37
  6
 41
 18
116
 36
 69
291
146
269
155
387
127
 77
177
336
152
221
101
 59
155
100
167
222
120
298
120
308
136
252
329
263
104
 79
110
102
299
 92
 94
188
100
310
 55
740
162
 54
129
141
106
 54 315
 332
 227
   56
 189
   49
 118
   87
 237
7066
3958
2648
3028
4428
3267
1312
1962
3790
3443
6843
 893
2784
5129
1451
3059
4984
3862
4518
5068
24852
4082
2944
6885
8500
 798
1192
1930
1156
10073
 807
 844
1971
2548
6238
6013
34057
1758
 606
1722
1458
1197
 543
10961
8008
3774
 460
2195
 833
3134
 965
11502
    7
    6
    2
   15
    2 99
  0
 37
  0
256
114
 20
292
 35
  1
 15
  3
  0
  0
  2
  0
119
 22
  9
  4
  3
  8
 34
  3
  1
  1
325
  1
  2
  3
  0
  8
  1
 10
  0
  3
  4
 10
  1
  1
 13
  1
 12
  6
  8
  1
  0
  7
  5
  1
  2
 21
  0
  5
  0
  4
  0
  2
  0
  5
  0
130
  0
  0  2
  4
  1
  3
  2
  8
  2
  1
  0
 11
  5
  2
  3
  3
 28
  7
  3
 21
  2
  9
  9
  5
  9
  3
  7
  5
  8
  1
 17
  3
 11
 32
  9
  1
  2
  2
  7
  8
  1
  1
  7
  1
 17
  1
111
  4
  1
  0
 16
  2
  1
  6
  3
  2
  0
  1
  2
  3
 28
 26  23
   0
   7
   3
   4
   1
   5
  47
   5
   2
  18
   2
   4
102
  47
  11
   1
  16
  21
   2
   6
  50
   3
   5
   8
  51
   5
   3
   1
  20
  44
   7
167
   3
   1
   3
   3
   4
   0
  45
  48
  43
   1
   7
   2
  12
   1
  60
3132
1774
1011
865
1200
1161
338
491
1294
1388
4737
179
759
2198
218 830
2824
2510
2163
3553
19497
3027
 309
4218
5346
   95
 359
 560
 209
6012
 117
 104
 226
 959
2856
2333
25723
 142
   95
 663
 150
 231
   61
5433
4126
1882
   23
 479
   57
1937
 102
8124
   34
   17
   22
    1
   13
    1
    9
    1
   12
    1
 388
    5
    2
    7
    0
    5
   33
    3
    2
    0
 189
 209
    7
   51
   58
    0
    2
    1
    1 40
  0
  1
  4
  1
 10
 43
774
 12
  1
  4
  3
  2
  0
 33
  3
  1
  0
  5
  3
 20
  3
  4
  0
  0
 18
  2
 15
  1
  0
 21
  1
  4
  0
 76
  1
 17
  3
 11
 89
  7
  0
 12
 42
 15  46
  31
   7
  21
   3
   0
254
  12
   0
  42
  43
  37
   2
1692
907
   1
811
  87
   5
  11
  40
  26
272
   1
1232
 327
  53
  97
557
   0
294
186
3775
   4
  45
  65
375
212
  43
  64
1337
   4
   5
  16
476
1042
2407
472  17
  92
  23
3117
1781
681
  97
  11
   3
1679
   0
   0
   0
   0
   0
   1
   1
   1
   0
   0
   0
   1
   0
   3
   5
   0   0
   0
   0
   0
   1
   0
   0
   0
   0
   0
1561
876
1038
1091
2114
1504
634
1036
1676
1279
785
521
427
2007
952
1529
902
682
1417
833
560
360
1813
1688
1356
490
429
1010
696
1253
464
577
1212
 806
1417
784
3090
1231
310
684
1024
697
352
1670
1428
803
345
1110
570
591
549
633
125
  66
  17
  43141
 37
 56
 43
366
 37
211
 16
  0
120
 35
 43
193
185
328
164
190
106
247
245
357
 61
 65
 24
 22
324
 63
 17
131
 80
406
135
713
 58
 31
 69
 66
 61
 53
190
121
 78
 18
221
 19
187
 94
175
 89
 37
 95
 22
204
159
 33
114
108
128
169
 10
  9
 47
  9
  9
172
166100
154
147
 51
245
219
392
 38
 24
 42
 13
360
 62
  9
169
 52
169
 41
889
 37
 23
 83
 17
 35
 13
155
 77
 61
 15
155
 14
199
117
111
400
249
376
184
576
386
115
236
241
315
397
147
 87
272
152
234
175
214
195
175
438
197
264
359
501
 93
 86
224
136
661
 91
127 202
 152
 268
 143
1688
 232
   47
 185
 168
 131
   58
 264
 375
 185
   58
 207
   66
 169
   95
 349
7066
3958
2648
3028
4428
3267
1312
1962
3790
3443
6843
 893
2784
5129
1451
3059
4984
3862
4518
5068
24852
4082
2944
6885
8500
 798
1192
1930
1156
10073
 807
 844
1971
2548
6238
6013
34057
1758
 606
1722
1458
1197
 543
10961
8008
3774 460
2195
 833
3134
 965
11502
   13
   14
    2
    4
   12
    5
 200
   32
    8
    5
 342
 187
   36
 363
    5
   35
   12
    1
    1
    1
    1
    4
    0
    0
 249
   17
    2
    4
   16
   11
   34
    3
   28
    1
 339
    3
    2
   18
    0
   29
   86
    1
    1  0
 43
144
  0
  6
 16
  0
 15
 27
 27
  2
  6
 13
 20
  2
  1
  8
  0
  0
 41
  0
 47
  0
  1
  0
  8
  3
459
  0
  0
 12
  1
  1
  2
  2
  4
  0
  1
  0
 49
  5
  4
  3
  4
 31
  9
  3
  4
 21
  3
  9
  1
  9
  5
  9
  3
  8
  7
  8
  1
 18
  3 14
 34
  9
  1
  2
  3
  7
 10
  1
  1
  7
  1
 17
  1
155
  5
  1
  0
 19
  2
  1
  6
  4
  2
  0
  1
  3
  3
  1
 34
  2
  4
  9
  1
  5
 34
  2
  1
  2
 20
 12
  2
  4
  0
  2
 22
 34
  3
  1
  4
  3
  0
  1
 18
  0
  0
  5
  1
 60
  0
  0
  3
  5
  7 134
    0
    0
    2
    0
    1
    0
   16
    4
    5
    2
    0
    4
    0
   12
3125
1766
 976
 862
1181
1090
 335
 482
1288
1323
4710
 179
 757
2186
 217
 826
2777
2451
2154
3545
19485
3018
 308
4212
5293
   94
 357
 541
 206
5910
 115
 103
 225
 954
2838
2320
25151
 140
   95
 651
 149
 229
   61
5398
4117
1871
   22
 471
   56
1929101
8105
  34
  17
  22
   1
  13
   1
   9
   1
  12
   1
388
   5
   2
   7
   0
   5
  33
   3
   2
   0
189
209
   7
  51
  58
   0
   2
   1
   1
  40
   0
   1
   4
   1
  10
  43
774
  12
   1
   4
   3
   2
   0
  33
   3
   1
   0
   5
   3
  20
   3
   4
   0
  27
   0
   7  0
  0
 19
  2
 20
  1
  0
 32
  1
  1
  0
  5
 21
  2
133
 23
 79
 32
  6
  0
  0
  5
 38
  5
  3
  7
 39
 18
  0
  0
 41
 15
  5
 44
 13
 79115
  74
   6
  68
   1
   3
   0
191
  54
  32
  22
   4
   0
  81
150
  69
  40
  25
   1
   1
1692
907
   1
811
  87
   5
  11
  40
  26
272
   1
1232
327
  53
  97
557
   0
294
186
3775
   4
  45
  65
375
212
  43
  64
1337
   4
   5
  16
476
1042
2407
472
  17
  92
  233117
1781
681
  97
  11
   3
1679
   1
   0
   0
   0
   2
   0
  23
   1
   2
   8
   0
   1
   0
   4
   0
   8
   3
   3
   3
   2
   1
   0
   0
   0
   3
   3
   0
  24
   0
   7
   0
   0
   0
   0
  14
   0
   8
   1
   0
   3
   0
   0
   0   0
   0
   0
   0
   0
   0
   1
1275
657
1010
1006
2138
1654
503
1051
1461
1435
869
509
263
1713
883
1216
859
828
1333
942
759
415
1980
1838
1602
492
353982
530
1717
498
491
1346
550
1069
572
3642
1208
273
702
973
599
255
1505
1156
660
300
1302
542
774
678
627
110
131
  92
111
117
  59
  58
  75
462
  59
149
  32
  34
254
  23
  97
236
108
333
107
  71
  91
167
139
160
  56
  72
  82
  65
159
  65
  39
  86
280
630
126
807
  66
  59
  37
  83115
133
332
115
171
 33
 45
 39
 25
 16
 89
362
196
 30
 27
 77
 17
 59
 15
 66
 10
148
 11
 57
148
 80
206
210
109
 52
 45
 35
 62
 47
 47
235
 15
 30
  8
 35
 95
 14
  4
 42
118
145
130
495
 22
 18
 32
 14
 61
 14
164
273
108
  6
 66
  3
 74
 16
150
425
258
352178
632
276
124
268
418
263
361
146
  80
278
149
220
212
273
328
231
459
185
368
453
725
127
  84
204
130
619
103
128
241
164
448
154
1720
231
  62
208
184
149
  73
294
376
194
  58
302
  65
293
146
404
7066
3958
2648
3028
4428
3267
1312
1962
3790
3443
6843
893
2784
5129
1451
3059
49843862
4518
5068
24852
4082
2944
6885
8500
 798
1192
1930
1156
10073
 807
 844
1971
2548
6238
6013
34057
1758
 606
1722
1458
1197
 543
10961
8008
3774
 460
2195
 833
3134
 965
11502
    2
    6
   13
 128
    0
    1
 221
 165
   20
 344
    7
    1
    6
    2193
 17
  2
  6
  4
  1
316
  2
  4
  4
  0
 24
  4
  4
  6
 40
 28
  9
  0
  0
 27
  0
 18
 79
  7
 29
 10
 13
  6
  5
 17
 25
  9
  4
  9
  0
 16
  2
 22
 18
151
  2
 56
 25
  7
  4
  5
 31
 13
164
  1
  1  1
  8
  7
  5
  1
 11
  8
  4
  6
  6
 46
 11
  3
  4
 28
  3
 12
  1
 10
  5
 11
  4
  8
 10
 10
  1
 18
  4
 15
 56
 11
  1
  6
  3
  7
 12
  1
  3
 10
  1
 25
  1
257
  8
  2
  1
 26
  3
  1
  8
  6
  3
  1
  2
  5
  3
  2
 52
  5
  3
 13
  2
  7
 22
  1
  1    3
   13
   17
    1
   17
    0
    2
   17
   56
    7
    1
    7
   12
    0
    2
   65
    1
    3
    9
    2
   76
    1
    0
    1
   20
   32
    7
 192
    0
    0
    3
    1
    2
    0
    9
   14
   13
    0
    3
    1
   12
    1
    8
3112
1755
 947
 857
1170
1026
 334
 480
1283
1283
4675
 178
 754
2166
 216
 821

2743
2347
2146
3541
19473
2992
 306
4209
5173
   93
 353
 522
 201
5759
 113
 102
 225
 927
2802
2307
24645
 139
   95
 644
 147
 227
   61
5374
4096
1850
   22
 466
   53
1910
 100
8089
   34
   17
   22
    1
   13
    1
    9
    1
   12
    1
 388
    5
    2
    7
    0
    5
   33
    3
    2
    0
 189
 209
    7
   51
   58
    0
    2
    1
    1
   40
    0
    1
    4
    1
   10
   43774
 12
  1
  4
  3
  2
  0
 33
  3
  1
  0
  5
  3
 20
  3
  4
  0
26
  9
  0
  0
  9
  0
  6
 26
  0
  0
 22
  4
  7   0
   0
109
   0
  43
   8
   0
   7
   3
  22
   0
   1
   9
  11
   1
   0
  38
   1
   0
   5
  13
   0
   2
  13
  18
  65
   0
   0
   1
   1
  11
   2
  78
  17
   2
  21
   0
   4
   0
   6
   1
   1
   0
  18
   2
   0
   0
  25
1692
907
   1
811
  87
   5
  11
  40
  26
272
   1
1232
327  53
  97
557
   0
294
186
3775
   4
  45
  65
375
212
  43
  64
1337
   4
   5
  16
476
1042
2407
472
  17
  92
  23
3117
1781
681
  97
  11
   3
1679
  16
   3
   5
  14
  25
   2
   3
  24
  29
   6
  20
   3
   2
  13
   0
   3
   5
   5
  21
  18
  24
  29
  21
  12
  11
   9
  21
   9  3
 45
  7
  4
 14
  3
100
  4
242
  9
  3
  5
 18
  4
  2
 82
 53
 41
  8
  5
 25
  3
  4
  7
  0
  1
  0
  0
  0
  0
  1
  0   1
1607
902
959
1130
1999
1527
529
965
1839
1251
1076
558
304
1515
912
1038
991
930
1463
1015
753
526
2060
1809
1656
494
397
836
679
1774
502
602
1360
742
1136
476
4203
1240
305
678
1083
706
359
1419
1431
755
300
1302
533
753
652
592
161
  64
  96
  16
158
118
117
  76
  34
121108
 22
 84
287
 50
289
127
102
 21
 43
 34
 65
 76
151
158
 22
 81
129
 42
 87
 17
 11
 56
 49
 80
222
469
 54
  8
 44
  8
 12
  4
274
169
179
 42
 56
 19
 59
 44
 68
  0
  1
  2
 11
 37
 53
  3
 45
 93
 57
 20
  2
 50
 81
  0
 97
165
 64
224
140
 75
 11
  4
 41 14
 27
 49
131
  9
 15
 34
  1
 99
 35
  0
 14
 23
103
182
338
  3
  3
 20
  1
  5
  1
188
 34
 30
 23
 24
 23
 23
 14
 89
419
261
427
188
770
450
117
343
484
404
436
124
 78
437
125
214
275
308
513
246
487
204
382
460
815
158
 98
297
138
764
124
117
249
286
746
 167
2308
 233
   88
 253
 165
 195
 101
 287
 416
 218
   61
 303
   65
 335
 141
 554
7066
3958
2648
3028
4428
3267
1312
1962
3790
3443
6843
 893
2784
5129
1451
3059
4984
3862
4518
5068
24852
4082
2944
6885
8500
 798
1192
1930
1156
10073
 807
 844
1971
2548
6238
6013
34057
1758
 606
1722
1458
1197
 543
10961
8008
3774
 460
2195
 8333134
 965
11502
    6
   25
    5
   12
 169
   11
 334
 182
   29
 460
   33
   10
    0
   34
    0
 289
    8
   42
   22
   32
   24
   26
 334
   11
    4
    6
    1
    3
    2
    1
    1
    2
    4
    11
15
0
1
2
6
2
0
10
2
19
17
0
1
1
0
9
0
2
4
3
4
5
29
1
0
3
4
6
0
4
5
0
1
0
8
1
14
8
4
7
7
55
12
3
6
32
4
16
1
10
6
11
4
10
13
11
1
21
4
21
61
13
2  6
  5
  7

 14
  1
  3
 12
  1
 29
  1
278
  8
  2
  4
 31
  4
  2
  9
  6
  4
  1
  7
  5
  4
  2
 56
  9
  5
 14
  2
 10
 57
  5
  2
  4
 17
 41
  1
  3
  5
  1
  2
 14
 40
  3
  2
 10
  9
  1
  1
 61
  1
  1
 14
  1
134
  1
  0
  0
  4
  4
  1
220
  1
  0
  5    1
    0
    0
    7
   12
    8
    4
    1
   11
    2
    7
3099
1752
 905
 853
1170
 916
 328
 473
1277
1227
4595
 176
 756
2160
 215
 819
2702
2244
2140
3539
19444
2975
 305
4212
5026
   93
 354
 487
 198
5498
 112
 102
 227
 920
2794
2305
24158
 138
   94
 634
 146
 226
   60
5356
4078
1833
   22
 457
   52
1884
   99
8082
   34
   17 22
  1
 13
  1
  9
  1
 12
  1
388
  5
  2
  7
  0
  5
 33
  3
  2
  0
189
209
  7
 51
 58
  0
  2
  1
  1
 40
  0
  1
  4
  1
 10
 43
775
 12
  1
  4
  3
  2
  0
 33
  3
  1
  0
  5
  3
 20
  3
  4
  0
 27
  0
 13
  0  0
  8
  1
  8
 25
  0
  0
  2
 19
  0
  7
  0
  0
  0
  2
 63
 77
  5
 25
 35
  0
  1
 13
137
  2
 51
  2
  5
  4
  2
  0
 15
 62
 38
  3
 28
 40
 52
 14
157
 18
 11
  2
 17
 43
  1
  7   9
  15
  28
   2
139
  32
  11
  13
  38
  38
  30
  21
166
  47
   1
  96
   4
  64
  17
  18
1692
907
   1
811
  87
   5
  11
  40
  26
272
   1
1231
325
  53
  97
557
   0
294
186
3775
   4
  45
  65
375
212
  43
  64
1337
   4
   5
  16
476
1042
2407
472
  17
  92
  23
3117
1781
681  97
  11
   3
1679
  17
   3
  12
   6
  39
  12
   2
  19
  14
  21
  36
   3
   1
   7
   1
   8
  21
  12
  14
   6
  24
  35
  16
  29
  16
   4
  27
  28
   3
  22
   7
   4
  21
   2
  45
   3
338
   8
   2
   8
  10
   4
   1
  23
  18
  22
   3
   2
  13
   4
   8
   0
   0
   0
   0
1501
805
1191
10692346
1714
563
1065
1901
1533
585
543
289
1776
849
1152
1194
989
1658
1007
771
303
1903
1947
1788
568
465
1009
650
2055
548
536
1359
728
1501
643
3984
1286
313
692
950
657
329
1832
1338
838
357
1392
574
912
713
699
160
119
  16
  43
  29
  26
  78
  41
  38
  37
226
  11
  71
239
114
244
112
129 51
109
 79
 85
205
 83
222
  9
 18
 22
 53
110
 34
 46
100
130
209
150
670
 34
 10
 49
 66
 31
 12
118
112
 72
 15
 38
 20
 33
 21
130
  0
 28
  1
  2
  2
 90
 56
 13
  9
 21
 17
 21
 59
  6
 22
343
  5
 20
 71
 47
 74
 74
 48
 10
 65
 49
152
118
 32
 90
  5
 14  25
   4
  90
  31
   4
  19
  37
  20
  38
580
   7
  34
  11
   7
   1
118
  35
  36
  17
  29
   7
  26
   7
  93
382
202
431
197
583
504
121
242
342
292
559
133
  61
332
130
193
250
284
295
149
451
247
267
371
635
  99
  81
269
158
722
  67
134
202
232
552
124
2387
214
  81
207
178 191
 100
 298
 429
 203
   44
 162
   58
 159
   93
 373
7066
3958
2648
3028
4428
3267
1312
1962
3790
3443
6843
 893
2784
5129
1451
3059
4984
3862
4518
5068
24852
4082
2944
6885
8500
 798
1192
1930
1156
10073
 807
 844
1971
2548
6238
6013
34057
1758
 606
1722
1458
1197
 543
10961
8008
3774
 460
2195
 833
3134
 965
11502
    1
   17
    5   3
   1
  80
   0
   9
  12
   5
   1
   3
   2
   1
   0
  14
  63
   3
  14
   7
   3
   2
   1
   3
   2
   0
  13
   2
   4
   1
   3
   1
   0
   4
   3
   1
  87
   1
   0
   4
   3
   3
   2
  43
   4
  33
  50
  31
  45
  16
  11
   2
  19
   3
  10
  47
  58
   7
114
  55
   2
  61
  37
  19
  74
951
4786
2817
1973 950
7902
 915
26892
5280
5066
10542
8024
 672
1524
6212
6613
2677
6040
22491
 795
19018
4216
    1
    1
    3
    3
    4
    9
    3
   38
    5
    2
   49
    8
    1
    3
    1
   12
    2
   36
   10
    3
   40
    9
    8
   14
   28
   11
   12
 136
    9
   53
   13
   61
    6
   46
    7
    5
   33
   44
   57
    1
   49
   11
 109
   23
    0
    0  19
   0
   1
   0
  43
   0
   0
   3
   1
   0
   2
   1
   1
   2
   2
   2
   4
  14
   0
  29
   5
   1
   3
   2
   3
   3
   2
  19
   2
   2
  10
   6
  24
   6
   0
   1
455
  58
613
760
550
268
432
384
   9
105
  52
  14
843
791
  17
1479
103
   4
734
1167
496
737
204
  21
103
  86   49
   37
   70
   27
    2
   13
    2
    2
 191
   99
    0
 149
   33
    1
   46
 133
   20
   66
   52
   36
 183
   58
   54
 148
 118
 411
   45
   93
   11
   50
   66
   53
   38
 151
   55
    8
 167
   77
 415
 101
1828
4990
3927
3012
1710
8734
1651
27994
5378
5444
10711
8168
1936
2626
6329
8842
3076
6102
23756
2320
20223
5344
    1
    3
    1
    5  52
   8
154
   1
  10
  40
   9
   1
   0
  40
   4
  14
   3
  24
   2
  11
   2
   2
   1
   4
   2
   0
  19
   2
   4
   1
   4
   1
   1
   4
   3
   1
160
   2
   1
   4
   4
   4
   3
  14
   3
  13
  16
   9
  10
   4
  25
   7
   4
   5
  11
   3
   7
   7
  28
   4
   2
  34
   3
  37
  23
798
4753
2717
1887
899
7814
 871
26776
5257
5032
10513
7972
 566
1428
6172
6429
2638
6026
22318
  698
18874
4123
    1
    1
    3
    3
    4
    9
    3
   38
    5
    2
   49
    8
    1
    3
    1
   12
    2
   36
   10
    3
   40
    9
   22
   79
   54
   13
 159
   24
 184
   25
   57
   36
   22
   85
   16
 241
 141
    6
 126
 152
   80
    0
    0
   19
    0
    1
    0
   43
    0   0
   3
   1
   0
   2
   1
   0
   0
   0
   0
   0
   1
   5
   1
   1
   1
   0
   0
   1
   0
   1
   1
   5
   1
814
101
722
829
630
270
543
369
  17
116
  37
  18
1069
890
  10
1443
120
  15
718
1356
585
825
  12
   8
  48
105
  45
  76
   3
  13
  12
  17
  13
  50
  54
  12
213
  18
   0
130
  22
  10   43
   69
    6
    5
   28
   26
    8
    3
   16
    0
    2
   12
    1
 109
   43
    0
   62
    3
    0
   69
   87
   17
   56
 118
   94
 334
   88
   79
 299
 188
 408
   65
 161
    0
 110
 133
 113
   66
 250
 132
   12
 320
 144
 489
 181
1828
4990
3927
3012
1710
8734
1651
27994
5378
5444
10711
8168
1936
2626
6329
8842
3076
6102
23756
2320
202235344
   4
  18
   0
   1
  31
   7
   4
   1
   9
   0
   7
   5
   0
  32
   7
   0
  22
   5
   1
  16
  37
   6
   1
   3
   1
   4
   4
   1
  18
   2
   3
   1
   5
   1
   1
   4
   5
   1
125
   2
   1
   5
   5
   4
   3
  12
   4
  13
   9
   4
  27
   4
  23
   8
   5
   9
  25
   6
  12
  14
  22
  16
   4
  40
   4   27
    6
 773
4747
2695
1870
 890
7783
 863
26732
5247
5026
10494
7947
 550
1409
6157
6387
2618
6020
22250
 687
18832
4110
    1
    1
    3
    3
    4
    9
    3
   38
    5
    2
   49
    8
    1
    3
    1
   12
    2
   36
   10
    3
   40
    9
    1
    7
    8
   27
   20
    4
 137
   16
 158
   24
   78
   30
   31
    6
    2
   23
   62
 122
    4
   65   0
130
  43
   0
   0
  19
   0
   1
   0
  43
   0
   0
   1
   0
   2
   1
   0
   0
   0
   5
   0
   5
   1
   0
   1
   1
   0
   0
   1
   1
   1
   1
   5
   0
   0
847
112
811
867
677
233
559
402
  14
  85
  50
   8
1105
988
  10
1734
  92
  13
820
1368
564
808
  12
   4
   7
  51
   8
  30
   3
  30
   2    9
    3
   21
   29
   34
   11
   58
   17
    1
   53
   17
   15
   48
   28
   14
   15
   41
   16
   35
    9
   32
    6
   15
    4
   15
   43
   20
   11
   80
   24
    7
   61
   26
   66
   59
 128
   98
 350
 115
 100
 433
 191
 560
   69
 170
   65
 110
 161
 146
   97
 335
 177
   15
 432
 173
 534
 256
1828
4990
3927
3012
1710
8734
1651
27994
53785444
10711
8168
1936
2626
6329
8842
3076
6102
23756
2320
20223
5344
   22
    0
    0
    4
   36
    0
    8
    9
   12
    4
   39
   13
    2
    3
    1
    0
    2
    6
    6
   19
    3
    0
    1
    9
    6
   48
    4
    1
    6
    5
    1
   21
    5
    4
    1
    5
    2
    1
    5
    5
    1
 133
    2
    1
    8
    5
    4
    4
    4
    2
   13
   10
   15    9
   12
   31
    7
    3
   14
    4
    4
   13
    6
   27
    5
    3
   38
    2
   30
   18
 754
4742
2668
1851
 866
7762
 844
26682
5234
5012
10473
7933
 540
1380
6141
6319
2608
6015
22175
 678
18785
4077
    1
    1
    3
    3
    4
    9
    3
   38
    5
    2
   49
    8
    1
    3
    1
   12
    2
   36
   10
    3
   40
    9
   10
   11
   49
   15
   53
126
 24
125
 28
 30
 31
 62
  8
  8
 30
 78
 94
  6
 71
  9
110
 61
  0
  0
 19
  0
  1
  0
 43
  0
  0
  3
  1
  0
  2
  1
  2
  1
  1
  0
  0
  8
  1
 11
  2
  2
  3
  2
  0
  1
  2
  2
  1
  2
  7
  1
  8
  0
  0
  0
  0
  4
  0
830
129
752
767
596
285
480
480  22
143
  74
  45
1151
937
  44
1491
149
  22
793
1329
637
746
  65
   3
  53
189
  30
  87
  51
  59
   5
  28
   8
   9
  85
112
   2
223
  44
   1
  88
  83
  40
  81
  17
  10
  75
  54
  18
  40
  31
  53
   7
  13
  16
   5
  14
  31
   9
215
  30
   4
185
  33
  58
  55
106
  90
298
110
  95
362
162
497   65
 159
   39
   99
 127
 130
   85
 320
 137
   13
 379
 164
 505
 245
1828
4990
3927
3012
1710
8734
1651
27994
5378
5444
1071
8168
1936
2626
6329
8842
3076
6102
23756
2320
20223
5344
   46
   11
    4
    7
    7
    1
    3
    2
   11
    4
    1
    6
    0
    5
    8
    0
    3
    1
    3
    1
    0
   78
    8
    0
    1
    4
    2
    7
    8
    1   24
    5
    7
    2
    7
    2
    1
    7
    7
    2
 136
    2
    1
    8
    7
    5
    6
   19
    8
   33
    9
   10
    9
    9
   36
    7
    3
   18
    9
    7
   10
    9
   33
    3
    4
   49
    4
   36
   18
 724
4729
2618
1834
 852
7748
 830
26623
5225
5006
10439
7922
 528
1366
6129
6269
2601
6010
22094
 670
18736
4049
    1
    1
    3
    3
    4
  9
  3
 38
  5
  2
 49
  8
  1
  3
  1
 12
  2
 36
 10
  3
 40
  9
  0
  0
  4
  9
 14
 46
 30
 37
114
 22
 48
 13
 49
 15
 71
  7
 21
 47
115
 57
  3
 70
  7
 76
 91
  0
  0
 19
  0
  1
  0
 43
  0
  0
  3
  1
  0
  2
  1
 10
  1
  2
  4
  1
 18
  2
 16
  3
  7   3
   5
  11
   7
   5
  16
   6
   2
   9
  13
  14
   3
   0
   0
   0
   0
   0
   0
586
125
864
810
569
288
560
630
  45
126
  90
  39
845
877
  50
1714
165
  18
925
1156
682
767
243
  11
  58
134
  78
103
  33
  58
   5
  43
  13
   6
313
159
   4
155
  68
  10
168
199
  98
141
   0
   0
120
  10   54
   39
    3
 115
   31
   91
   16
   32
   45
   34
   77
   55
   31
   31
   62
    8
   73
   89
   82
   23
 105
   88
 240
 140
   98
 282
 157
 440
   58
 122
   28
   71
 125
 120
   48
 356
 107
   11
 266
 158
 454
 237
1828
4990
3927
3012
1710
8734
1651
27994
5378
5444
10711
8168
1936
2626
6329
8842
3076
6102
23756
2320
20223
5344
   10
    3  16
  15
   2
   1
   2
637
215
139
383
182
184
  63
  32
104
  82
636
  37
601
328
181
  35
  74
196
196
314
   0
105
  86
   0
  42
   0
   1
   9
517
681
590
383
125
138
190
1061
   8
1346
   2
127
2031
313
   0
173
242
   0
  11
191
115
336
  28
   5
   2
463
683
   2
179
  41
  82
   1
106
  24
  29
   1
   3
   4
241
380
454
  63
  38
100
266
  0
322
214
378
353
224
   7
1225
  67
444
  96
   1
280
111
  14
   1
  97
333
288
244
  31
  31
824
  87
349
  86
687
297
   7
  62
  11125
166
   1
  12
   0
380
281
1987
184
771
  48
  18
   5
   3
354
   0
   0
   0
100
   0
662
607
183
149
138
  34
  79
   2
   0
726
   0
  82
194
106
  35
1134
629
  90
  41
  46
   8
240
979
  17
   5
   0
   2
   1
   11
0
7
1
0
12
2
0
1
2
0
9
1
1
1
0
0
1
0
1
3
2
0
2
1
1
0
1
5
1
1
0
45
2
6
40
0
4
1
3
1
0
1
1
2
3
1
1
22
2
0
1
4
1
0
5
0
1
5
4
1
2
0
5
1
3
3
2
0
3
4  1
  1
  1
  2
 36
  0
144
  1
  0
  0
  1
  1
  2
  0
  2
  6
  1
  2
  1
  3
 88
  0
  4
  0
105
  0
  0
  0
 14
  4
  0
  1
  0
 52
  0
139
117  4
131
 50
  0
  0
  4
  1
  0
  0
  0
 82
 47
 12
  0
  7
  3
  0
  1
  6
 13
  6
 15
  3
  2
 11
  7
  0
  8
 60
  0
  0
  0
 18
  2
 10
132
  5
  9
 28
  6
  0
  4
  3
  6
  10
2
8
13
1
0
2
4
0
4
4
1
2
7
8
0
4
2
1
10
1
2
4
55
1
6
24
10
6
1
0
5
4
12
1
0   4
  59
   0
  21
   2
   4
   0
   3
  12
   0
  17
806
230
  50
   0
155
4083
  59
114
  62
1111
101
140
   2
265
203
  32
2937
   0
101
100
3299
722
  70
832
241
  94
328
  46
  76
575
  28
417
  56
  13
610
6465
216194
   3
324
  69
  85
   9
101
  36
237
229
402
  61
  29
374
257
   8
  50
138
1935
116
101
  19
104
170
839
1255
264
771
  75
162
  16
   1
   1
  44
  34
129
101
145
670
   6
  44
122
  15
190
  78
  62
1399
   1
  80
  15
   0 53
 75
 43
  4
133
  1
122
 49
150
312
130
121
121
 46
 81
572
 31
259
  0
680
148
383
  2
543
 52
 57
235
 37
  0
114
 75
243
  0
  1
 50
  5
  0
  0
134
158
110
 18
  0
672
619
217
 67
120
106 47
  0
535
  2
346
  0
  1
108
 53
  1
  1
 84
 55
  5
 94
 89
275
 19
  0
 41
  5
  8
  0
  0
  0
  2
  4
382
109
 13
 63
 49
 75
  7
  2
  1
  7
  1
114
 90
  1
  0
 19
  0
 34
  0
  0 13
  0
  0
  0
  3
124
 80
  3
  0
 21
  1
  3
  8
  1
  1
 21
  1
  0
  0
  0
 15
  0
  1
 13
  0
 74
  1
  0
  1
123
  2
  2
  0
 14
  8
 21
  0
  1
123
  1
 18
107
 25
  0
 14
  6
  3
  2
  3  5
 15
 92
127
  4
  1
 21
  1
  1
137
170
 18
293
  2
  9
 28
  0
  0
  0
  5
  0
 29
  3
 52
 67
 73
195
 12
 11
  0
  0
  0
  1
  3
  0
  0
  10
7
5
14
0
7
2
10
5
15
21
2
2
2
4
4
36
0
15
5
3
0
2
11
3
1
0
0
10
5
0
5
2
3
12
0
5
28
22
5
2
37
7
52
4
12
1
3
8
6
17
1
2
18
8
6
4
14
4
23
1
5
1
5
4
10
3
23
4
1
5
1
2
1
1
3
1
2
2
1
1
2
2
1
3
41
17
0
1
12
4
1
8
2
212
3
2
7
14
12
0
3
22
25
1
3
10
2
0
2
4
2
20
12
11
17
2
3
66
2
0
1
0
10
 3
20
0
0
1
0
2
2
5
7
57
0
0
1
36
62
13
1
5
1
54
22
5
14
0
7
2
10
5
15
21
2
2
2
4
4
36
0
15
5
3
0
2
11
3
1
0
0
10
5
0
5
2
3
12
0
5
28
22
5
2
3
7
7
52
4
12
1
3
8
6
17
1
218
8
6
4
14
4
23
1
5
1
5
4
10
3
23
4
1
5
1
2
1
1
3
1
2
2
1
1
2
2
1
3
41
17
0
1
12
 4
1
8
2
2
12
3
2
7
14
12
0
3
22
25
1
3
10
2    0
    2
    4
    2
   20
   12
   11
   17
    2
    3
   66
    2
    0
    1
    0
   10
    3
   20
    0
    0
    1
    0
    2
    2
    5
    7
   57
    0
    0
    1
   36
   62
   13
    1
    5
    1
    5
    4
   22
   71
   51
11121
1673
 546
    9
 334
 571
 356
 223    8
 353
13141
2471
   21
1780
 195
    3
   55
   14
   62
 114
 349
 154
   84
   60
6389
 118
    0
   98
   21
1424
   98
   22
    0
2682
1475
3390
3882
1665
    5
   25
 300
   24
4709
    8
    0
 172
 154
    0
 320
 194
 164  85
776
3596
   4
  49
   4
8610
  27
188
1252
  10
742
553
   2
  57
  70
1425
  69
153
125
  50
413
  47
757
   0
   0
  34
  81
  14
   1
6370
243
2482
335
622
  10
  30
166
100
961
  94
2032
3531784
   0
   1
   2
  97
207
980
3519
  98
  83
   3
3043
1073
4380
  25
1917
  55
135
  13
378
130
461
  45
  50
  50
  76
   3
  13
   0
  12
  17
  14
   0
   3
  17
  19
   4
  31
   1
  10
   2
  32
   0
  56
  61
   1
   0
  23
   1
   0  9
  3
  3
 14
 20
  5
  2
  0
  1
  1
  1
100
 25
  0
  0
  0
  0
  1
  8
  0
  0
  1
  0
  1
  1
  8
  0
  4
  1
  1
  2
  1
 12
  0
  4
  3
  3
  0
  1
  0
  0
 33
  4
  1
  3
  1
  3
  6
  1
  18
24
0
1
0
11
1
0
15
5
6
9
12
10
16
11
1
2
2
1
4
0
0
4
3
26
6
20
1
2
14
1
2
7
0
1
3
28
5
9
2
0
0
4
7
343
3
11
7
44
23
0
16
0
15
22
0
0
0
0
0
0
0
00
0
0
0
0
0
0
0
1
0
2   0
   0
   1
   5
   1
   0
   0
   0
   0
   0
   0
3012
150
3551157
  72
1006
119
   0
559
573
203
   3
564
   5
   0
   3
1062
  56
  93
  37
  44
1712
1261
290
154
  10
1158
330
  23
   8
182
  38
  25
  11
  68
226
584
  36
138
   2
154
  58
162
  3
   4
  13
  64
   6
144
  17
166
  71
  15
485
  88
  45
427  93
188
609
408
133
1423
  46
541
414
131
  61
824
  99
  96
327
330
137
   6
  61
236
  45
188
  47
  89
   6
428
  74
   1
679
534
107
   0
130
441
   0
720
194
  73
  77
129
177
236
331
323
   0
107
  92
   2
174
   1
  16469
379
2431
431
  54
121
154
504
  85
   5
136
   0
  91
  14
215
  43
149
  96
  68
114
210
  25
721
   6
  30
  11
  85
445
  55
201
   4
216
447
116
707
697
369
  13
   4
  96
  81
124
  22
   2
  22
  56
  19
   0
  32
   2
   4
   2
292
   7 12
 10
 33
243
147
 25
 36
  2
 97
  8
  0
  7
  3
 83
155
  1
 74
  0
  3
 74
119
144
 10
 10
 10
  6
 17
 44
  2
  2
 27
 27
 63
 10
 21
 29
  9
 92
174
 31
190
  7
 42
 22
 34
 21
195
  7
108
 11
 47
 85
 54
 81
 35
  9  5
 13
 35
 82
  6
  9
 25
  6
 14
  6
 91
  9
  0
 21
  7
 14
 15
 52
 80
 43
  5
  3
 20
 19
 80
 21
108
  1
 37
 49
  1
 92
  5
  6
 73
 13
178
 57
 26
 24
 94
 21
 11
  7
 35
 34 10
 28
  2
 22
  4
  9
 14
 11
 10
 14
 12
  3
  3
  6
104
 85
 45
  0
 27
174
 14
 40
103
318
129
 19
243
  4
305
 85
 10
 16
146
 42
  1
 48
 12
 29
  2
437
 11
122
  7
 10
377
179
  9
 64
  2
152
 98
  0
 18
 18
 35
 79
  0 51
 22
 58
 61
147
149
 12
 66
 29
 71
 13
 13
  2
  1
 22
 20
 31
  3
 33
  5
  9
 58
 16
 18
 74
 43
  0
 29
 21
159
118
 51
282
 15
180
 55
 36
  6
129
 26
 11
 16
 32
 35
 21
  4
 82
  4
 21
 21
 15
 98
115
 37
  1 19
 16
 32
  3
 62
112
210
 89
 44
  8
164
123
 13
 58
 20
114
  0
 25
125
  2
 49
  3
  5
188
 38
529
 16
 21
 80
 74
 67
 25
  6
 33
  5
 24
 16
 25
 11
 22
 16
  3
 84
 28
  1
138
 76
  8  6
 21
149
162
 71
  1
 88
107
 33
 99
 35
491
231
 17
126
  3
284
 16
  8
 40
169
 18
  1
 44
  6
 57
  8
366
  9
 95
 10
 11
376
186
 15
 20
  6
 90
 70
  0
 20
  6
 50
 43
  1
 56
 41
 19
 65
149
285
 26
 70
115
 22
  5
 17
  2  5
  2
 30
 15
 35
  4
 19
 14
 13
 48
 19
 15
129
 89
  1
 19
 41
224
188
 54
235
 35
176
 40
 31
  5
 66
 38
 12
 33
 46
 47
 14
  2
 40
 18
 29
 17
  4
 67
 59
 36
  0
 39
 12
 11
  6
110
106
  0
349
 57
 65
  8
114
 41   28
   92
   10
   48
    1
   10
   67
    3
    0
   64
    3
    7
 136
   24
 289
   13
   25
   64
   83
   83
   11
    2
   26
    8
    9
   39
   29
    4
   57
    9
    8
   38
   17
    6
 136
 142
   11
    9
   14
 133
 280
 101
    3
   67
 151
   14
   39
   25
5806
1481
 537
 383
1932
11121 502
7669
1011
 330
 803
3045
1101
 202
1683
 616
 786
 675
13141
7870
 146
1780
 770
 261
 403
6590
2678
 446
 361
   95
2545
 819
 161
 906
 545
 614
1581
 772
 590
6438
1223
 286
 366
1074
8254
1466
1346
1725
 734
2031
 983
 338
 370
 481
2718
1475
3507
3941
1665
 419
 565
 824
 436
 615
 529
 344
1162
1035
 271
7553
 591
 186392
375
1367
1035
1473
3579
590
1960
634
683
555
1535
309
194
623
734
1047
322
3596
440
629
872
972
409
783
8610
352
688
1347
1489
  80
742
553
2455
696
198
132
526
  70
1425
1052
288
1751
784
405
824
272
1465
544
687
655
1417
170
794
352
437
724
148
  61
6370
751
686
2482
404
2309
7706183
899
708
771
459
961
1152
2032
747
691
615
2055
   0
349
361
827
969
783
721
980
3519
281
227
389
442
188
1238
1207
3116
1073
4380
  82
223
271
3572
2565
1512
180
1162
1190
728
1196
2415
  22
   7
   0
   0
  21  0
  2
  3
  2
  0
  1
  0
  0
  1
  2
  0
152
  4
  50
0
0
0
0
0  2
  0
 61
349
375
383
657
165
  8
  1
 62
204
 23
 16
  0
580
  0
174
  1
  7
100
136
173
192
824
  6
 63
193
  0
 13
  0
  0
  1
  1
455
681
590333
154
  83
784
1648
  35
1346
   0
327
2031
261
170
  84
   0
200
  99
334
   1
   0
591
672
   0
   5
208
   0
  73
   2
   3
   8
   5
   4
   1
   0
   0
167
377
  23
   3
   1
298
  13
322
181
340
  13
743
   6
624
  48
278
186
   0
   0
456459
   5
   0
  67
134
288
361
  41
  59
824
164
219
275
687
205
   1
  72
   0
   0
255
  86
   0
   0
   1
281
574
1599
439
   4
771
  55
   0
   1
   1
378
   0
  96
   0
581
587
  13
   3
   5
   8
256
   0
425
  82
184
173   1
791
354
  90
  16
  98
  17
638
1148
  24
   8
   1
   3
   2
   3
   2
   1
   3
  12
   4
   4
  18
   4
   0
   2
   1
   3
   0
  11
   2
   1
   2
   1
   0
   1
   1
   0
   6
   7
   2
   13
1
1
0
0
1
8
3
3
1
65
3
10
4
1
1
5
8
6
1
1
2
2
3
5
4
3
1
67
6
1
2
4
1
0
7
0
3  6
  0
  4
  1
  0
  3
  1
 13
  1
  5
  0
  4
  5
  5
  0
  6
  5
  3
  1
  1
  2
 83
  0
232
  2
  2
  1
  1
  1
  1
  4
  3
  1
  2
  3
  1
  7
  1
  3
  1
  3
 48
  2
  4
  1
 59
  2
  4
 32
 10
  3
  3
  1
 50
  0
  0
 53
 50
  7
 55
 24
  6
  3
  2
  3
  11
2
13
10
11
2
4
0
2
1
23
19
5
1
23
16
0
12
55
1
5
1
4
5
80
61
20
7
6
4
3
1
1
16
0
5
14
13
2
3
2
3
0
3
3
1
3
2
5
16
3
14
0
1
11
1
3
49
0
21
32
2
0
1
5
3  15
   0
  10
  13
   0
   0
  25
   3
   3
   4
   6
   2
   3
   2
501
177
  31
   0
135
3826
  47
111
  55
988
  46
118
215
196
  31
2547
  74
  85
3006
556
  49
662
146
  68
327
  29
  47
534
  25
394
  54
  12
174
6008
145
132
   0
314
  55
  48
   6
  85
  27
125
220
258
  38
  20
242
169
   8
  35  78
1702
  96
  92
   8
  84
133
627
1012
163
714
  52
105
  14
   1
  33
  20
121
  97
119
207
   3
  23
  70
  14
  90
  67
  50
1295
   1
  52
  12
   0
  29
  31
  37
   0
  90
  91
  48
  82
260
   2
  84
  92
  41
  61
508
  16
190
566
  14
287
  2
317
 38
 57
207
 21
  0
 81
 43
178
 41
  3
  0 83
105
104
 16
457
564
156
 55
 95
 89
 25
450
  2
346
  0
  1
108
 53
  1
  1
 84
 55
  5
 94
 89
275
 19
  0
 41
  5
  8
  0
  0
  0
  2
  4
382
109
 13
 63
 49
 75
  7
  2
  1
  7
  1
114
 90
  1
  0
 19
  0
 34
  0
  0
 13
  0
  0
  0
  3
124
 80
  3
  0
 21
  1
  3
  8
  1
  1
 21
  1
  0
  0
  0
 15
  0
  1
 13
  0
 74
  1
  0
  1
123
  2
  2
  0
 14
  8
 21
  0
  1
123
  1
 18
107
 25
  0
 14
  6
  3
  2
  3
  5
 15
 92
127
  4
  1
 21
  1
  1
137
170
 18
293
  2
  9
 28
  0
  0
  0
  5
  0
 29
  3
 52
 67
 73
195 12
 11
  0
  0
  1
  0

  0
  1
  4
176
  2
 21
 97
 17
  0
132
 54
  5
  2
 28
  7
 72
135
  5
 75
 92
  4
 61
 37
 10
  0
  0
  2
 83
  1
  4
 41
 33
  1
  3
  2
  1
 54
 12
  1
 21
  5
  7
 43
 17
 20
  0
 42
 59
102
112
  0
 12
 25
156
  2
  1
 92
183
 17
201138
 63
  2
276
  2
  8
  7
  7
151
  3
  8
157
2313
 873
 26205
 4478
 19261
 46965
 4588
 43999
 47110
 20135
 38983
 28836
 27518
 34771
 5461
 39031
 38498
 10129
 33953
 11611
 48649
 13623
 1262
 32259
 7349
 25024
 25073
 46652
 16169
 37645
 31810
 18786
 19885
 37419
 14191
 48534
 21028
 27582
 48803
 43050
 23787
 34391
 11851
 12603
 18473
 40060
 29617
 24092
 17581
 29051
 8849
 48053
 15840
 21446
 1376
 8363
 35635
 15215
 8346
 31368
 2431
 17044
 21322
 1749
 43302
 5263
 24926
 31604
 26396
 28652
 26157
 45039
 44000
 7148
 17402
 29202
 4687
 37119
 4545
 16333
 9406
 26209
 36161
 28092
 13583
 42538
 378
 47314
 39834
 14872
 23649
 9943
 29928
 42561
 44823
 14561
 16732
 17766
 48125
 1923
 6886
 39258
 34662
 14049
 26113
 35061
 46728
 25146
 32733
 26068
 35801
 43315
 3719
 199
 32678
 33748
 48477
 1806
 25972
 38673
 25468
 33093
 22421
 8902
 15564
 10108
 22127
 34048
 12318
 24176
 27685
 3530
 24213
 2609
 43383
 26901
 4523
 19548
 47885
 418
 21104
 38315
 37279
 32868
 45911
 9080
 3109
 18558
 18966
 14193
 749
 37046
 22314
 40536
 36558
 14325
 13064
 24890
 4073
 202
 3605
 28060
 16495
 9829
 23555
 194
 26229
 17965
 9399
 12017
 3204
 2222
 38873
 47145
 22302
 3579
 14796
 21130
 8532
 8167
 1232
 6226
 46370
 7578
 48306
 23047
 37882
 16385
 37593
 48126
 288
 452
 12698
 66
 431
 42761
 1184
 1737
 2589
 11112
 22094
 37569
 15
 12558
 345
 1401
 17290
 207
 117
 41393
 22873
 469
 37309
 356
 39410
 148
 3033
 38230
 1813
 4433
 31572
 233
 15903
 33884
 4437
 287
 2180
 612
 31716
 3040
 534
 3171
 215
 44405
 449
 44509
 212
 8783
 399
 43025
 15042
 34583
 37451
 3562
 37548
 20618
 283
 40979
 1950
 372
 35560
 182
 17042
 161
 28825
 153
 30643
 44845
 5457
 16393
 3660
 5904
 259
 849
 280
 37851
 2206
 27533
 21313
 19930
 18884
 22364
 12574
 49528
 44221
 32607
 13130
 46111
 40002
 19369
 1764
 47339
 9481
 35937
 43806
 43672
 36051
 9491
 29411
 5729
 1948
 7268
 4678
 169
 4040
 399
 1621
 7870
 39010
 971
 22699
 11836
 1147
 13666
 27
 14542
 17195
 33763
 417
 43853
 3792
 29286
 12959
 1168
 2589
 387
 43929
 4392
 3270
 821
 39067
 26842
 7845
 39574
 13091
 1947
 204
 12631
 1680
 48113
 2551
 4705
 32859
 16222
 5303
 15811
 47697
 303
 44414
 33354
 204
 2837
 31028
 4797
 114
 3734
 4432
 5110
 15945
 4524
 24932
 354
 45202
 110
 49277
 21754
 47687
 41729
 21042
 5473
 48997
 11291
 391
 4042
 2355
 427
 29719
 381
 295
 44204
 372
 1752
 3780
 17133
 1192
 3353
 476
 4806
 47495
 479
 42276
 33286
 3688
 25302
 444
 3153
 8547
 11599
 241
 25756
 27922
 28457
 3847
 202
 24
 15405
 2372
 389
 2720
 194
 499
 2502
 9594
 4030
 2599
 427
 23202
 102
 16617
 40697
 26771
 11
 15733
 48854
 305
 18942
 46665
 573
 4374
 14435
 38867
 103
 249
 380
 3344
 462
 32
 4629
 24395
 44358
 107
 404
 48397
 87
 331
 41275
 28243
 61
 381
 355
 373
 96
 38
 4733
 234
 11602
 644
 16028
 20808
 315
 3652
 150
 8284
 7602
 402
 23350
 14763
 112
 22784
 23051
 118
 2013
 424
 3343
 312
 23121
 333
 3560
 6780
 2884
 2325
 28
 299
 18985
 115
 193
 292
 9389
 9788
 41553
 21751
 6831
 4998
 364
 31001
 17188
 22854
 25015
 31209
 4759
 897
 29269
 10816
 1814
 20
 35262
 2322
 2219
 16320
 366
 4216
 8685
 43666
 539
 9597
 42150
 25816
 471
 13310
 8798
 33290
 4844
 20
 34545
 41335
 163
 146
 20452
 7918
 48851
 351
 2065
 1770
 7751
 1238
 3828
 31
 237
 36124
 40609
 1374
 33430
 257
 45586
 29778
 3161
 28
 195
 20672
 82
 12477
 32630
 23629
 1962
 39185
 463
 120
 1129
 23828
 419
 27556
 528
 7431
 49006
 34627
 321
 5733
 3305
 4744
 299
 16246
 31440
 27052
 7297
 25178
 298
 7797
 730
 43942
 41526
 22295
 19834
 35530
 424
 35238
 3471
 49978
 20002
 243
 18892
 32565
 17204
 235
 33439
 162
 13133
 198
 20
 36206
 7434
 409
 3522
 33616
 17716
 4183
 8329
 36899
 6407
 2643
 49
 4954
 9863
 325
 4
 41
 36974
 221
 310
 8439
 329
 241
 42943
 29759
 4712086
 478
 40
 259364
 382
 4995
 456
 41339
 129
 3245
 174
 235
 208
 45
 41
 1298
 3
 19
 23
 206
 3184
 5731
 48
 32
 4676
 45
 668
 12
 641
 23
 204
 459
 255
 4006
 45
 2173
 87
 4077
 126
 226180
 365253
 319148
 373765
 321613
 260028
 143837
 379293
 127562
 498425
 471041
 184318
 37950
 116929
 89326
 415772
 105642
 300804
 245622
 99504
 411859
 417542
 499150
 435827
 476407
 364093
 108066
 430003
 11373
 139596
 269394
 310754
 429632
 144851
 148018
 49148
 471023
 300498
 260246
 282948
 440303
 7503
 133893
 477588
 427762
 102971
 406787
 157155
 96947
 406936
 1319
 225935
 3796
 37247
 38032
 343651
 163526
 4451
 323733
 223299
 255
 225623
 1847
 28682
 211375
 193230
 523
 40256
 170434
 4444
 4441
 5800
 24309
 57053
 267528
 312694
 43476
 301152
 3078
 371255
 20
 362444
 36552
 71609
 251992
 18308
 3815
 342484
 485622
 235730
 476245
 310449
 188545
 132224
 408756
 426980
 139641
 213313
 474730
 269576
 0
 130814
 160486
 218146
 6599
 478567
 349745
 450470
 270247
 294761
 25139
 405734
 124310
 131709
 226996
 407132
 200162
 494212
 89176
 335352
 119782
 135830
 425202
 96060
 12008
 217635
 39605
 128706
 245601
 428163
 143239
 57205
 361488
 18700
 381809
 378934
 208910
 318915
 44001
 415295
 82245
 8283
 349611
 369426
 26396
 433731
 265384
 79136
 51749
 434965
 252099
 389967
 453237
 313026
 468354
 178696
 329266
 119540
 432190
 201845
 273597
 446110
 289399
 165844
 199306
 179308
 144117
 224254
 271698
 416893
 65772
 169312
 495249
 175213
 154601
 472583
 222974
 6733
 377210
 444448
 112563
 364097
 407510
 223658
 65364
 353011
 422294
 234375
 479188
 25598
 409510
 34250
 326225
 32144
 466209
 275663
 92304
 410173
 107022
 176997
 234299
 249721
 314703
 393727
 327578
 146125
 309498
 290472
 472201
 362864
 499359
 489228
 256045
 446204
 53553
 118163
 251719
 393850
 206848
 187193
 5612
 395092
 267416
 81644
 226795
 483022
 111516
 73857
 113936
 360935
 172890
 412852
 11290
 22842
 7682
 193974
 200028
 212450
 332265
 135892
 497811
 368144
 128574
 158438
 396611
 350893
 3107
 123699
 427133
 171009
 436146
 299045
 343597
 252346
 94590
 361252
 55998
 119811
 64561
 344332
 47616
 387054
 212669
 446315
 176693
 336327
 264705
 356732
 117262
 126602
 239443
 455449
 209335
 186954
 307258
 366982
 275306
 476065
 382714
 196238
 44855
 399664
 356019
 28027
 80993
 8889
 317056
 193432
 134370
 116532
 373267
 89926
 152344
 61618
 67344
 135587
 257534
 193757
 105906
 288158
 296869
 181193
 258491
 301685
 40206
 436829
 62940
 262088
 442522
 286452
 383333
 67193
 231740
 387302
 292956
 369371
 90180
 27279
 146962
 139967
 426500
 24033
 435775
 469212
 329690
 118740
 220559
 362490
 413375
 376548
 412880
 205693
 261577
 210044
 403425
 142994
 360225
 6760
 198280
744
 437196
 380744
 419038
 373216
 77288
 132389
 301363
 441793
 488477
 442848
 197888
 113271
 32175
 371555
 375316
 353086
 179979
 293917
 472470
 428147
 141898
 254947
 119266
 371803
 330406
 442129
 488778
 188976
 378246
 194634
 119470
 93077
 242737
 143498
 26235
 466465
 245975
 437980
 163685
 276259
 290253
 289248
 106923
 137752
 95565
 312652
 180212
 100860
 167818
 133585
 78770
 113707
 178470
 10241
 72470
 144475
 129090
 378311
 199570
 187934
 396245
 37156
 307730
 208461
 269175
 31590
 18359
 485712
 252330
 219029
 96722
 413776
 218824
 56088
 137604
 326023
 71439
 17294
 387169
 408403
 304554
 216332
 308905
 165829
 67010
 484407
 19613
 26022
 95644
 431244
 74920
 171428
 469360
 106239
 38602
 322564
 101728
 468252
 159959
 287135
 210602
 387248
 425977
 6044
 103759
 88818
 146707
 165288
 38404
 196117
 98294
 481517
 491464
 292237
 471686
 27591
 463214
 190302
 181592
 208261
 416210
 233163
 116234
 404185
 123478
 13047
 344162
 43707
 322326
 276906
 151074
 412012
 333640
 215175
 157220
 394182
 105201
 71428
 22532
 67260
 275269
 126418
 322114
 200182
 209717
 477683
 332122
 492603
 479939
 317292
 406215
 291560
 319769
 263253
 46663
 415940
 123110
 434899
 318951
 444110
 245283
 286569
 427328
 136598
 20508
 187340
 343889
 354360
 226201
 79347
 218028
 362681
 180708
 236128
 320643
 116372
 170673
 217874
 276909
 104148
 254264
 52338
 98047
 448040
 231560
 497716
 105215
 31217
 282999
 52655
 209051
 36534
 364911
 286308
 172126
 245760
 7494
 28359
 234177
 223199
 158052
 127210
 246013
 341360
 57254
 200873
 146524
 2093
 338640
 292744
 425736
 29804
 497025
 223561
 27268
 314482
 283454
 66377
 274310
 224500
 315747
 435571
 121869
 157453
 224783
 67599
 21212
 372455
 229902
 358643
 351361
 44903
 334038
 27551
 30910
 464763
 431020
 137867
 8384
 82150
 124194
 399528
 66341
 190997
 400000
 365687
 380781
 396747
 5072
 30373
 415860
 372522
 420624
 423636
 481625
 326086
 76300
 21512
 188588
 171144
 290318
 144311
 80500
 352648
 324141
 444089
 97390
 457510
 50293
 200285
 67567
 164736
 364095
 426192
 70978
 403809
 334563
 443661
 414677
 354885
 10028
 333948
 331787
 263157
 428256
 36164
 231636
 161667
 428323
 383956
 314226
 420480
 73156
 447402
 447571
 363
 235935
 227784
 252446
 112109
 256231
 303851
 424633
 268081
 478476
 138159
 248069
 147208
 434258
 126763
 76199
 267451
 229837
 377071
 225457
 330661
 81222
 33668
 479033
 411067
 36235
 455427
 96393
 338032
 32395
 405995
 203217
 485855
 143881
 278948
 373493
 316770
 4800
 261996
 20078
 11514
 277524
 109700
 283789
 314952
 208617
 323323
 82081
 116272
 498093
 377575
 430658
 265165
 349544
 225842
 108695
 324317
 88362
 300719
 73911
 238437
 332542
 375743
 158217
 375025
 26239
 238901
 107103
 322278
 60572
 217915
 33188
 138875
 320512
 3525
 275697
 455905
 162369
 389784
 352818
 217984
 178432
 414503
 17742
 44090
 381014
 436791
 342398
 267645
 167170
 168195
 233990
 200887
 234453
 34148
 217346
 149484
 171991
 91965
 39717
 465504
 16825
 34237
 193385
 491924
 179386
 469631
 485811
 274005
 491484
 439436
 471846
 60853
 275221
 140138
 413188
 59990
 297686
 347305
 285957
 192710
 164219
 384854
 242721
 376295
 12584
 377295
 388791
 290684
 447255
 94216
 304019
 109199
 308088
 352159
 58966
 430972
 168440
 449607
 16942
 427170
 273555
 421915
 199800
 401672
 366316
 314253
 318330
 9900
 72381
 340166
 90964
 332018
 40372
 29187
 497679
 336558
 87319
 69628
 287173
 56467
 452329
 233649
 131224
 145904
 266691
 339217
 183649
 129599
 357227
 417996
 239239
 284848
 210798
 411307
 614
 67694
 307936
 197406
 496444
 95953
 74097
 5918
 274521
 136556
 139558
 335487
 447804
 72164
 295294
 208352
 167183
 178035
 7657
 12345
 395043
 340619
 360911
 91591
 477873
 33453
 252073
 109366
 442320
 63356
 202970
 141588
 17340
 299683
 264919
 132742
 210079
 411751
 488657
 19521
 207455
 314898
 150176
 214066
 66721
 382823
 173989
 295838
 314094
 267056
 267266
 259158
 452829
 199015
 271392
 277452
 74712
 149
 441700
 47344
 95705
 190627
 427586
 473718
 90883
 148922
 467387
 242506
 367002
 231060
 251869
 104038
 20132
 396179
 395454
 27362
 47348
 172727
 78514
 191465
 491891
 285278
 313996
 129318
 475803
 144833
 444850
 277658
 8611
 481995
 429870
 356215
 93841
 285973
 39776
 467000
 295306
 37689
 419642
 427976
 68680
 272727
 121198
 245580
 153804
 306397
 207432
 93674
 62911
 414893
 375558
 339145
 88252
 193519
 389007
 100550
 493557
 441382
 153884
 43430
 402932
 433749
 66319
 292964
 287492
 470711
 411227
 56471
 106304
 273558
 87950
 124632
 131266
 270609
 489095
 7359
 486764
 21993
 188149
 83429
 232524
 42065
 398482
 377347
 124393
 140990
 267788
 5995
 37376
 276732
 300884
 251319
 118778
 41730
 379772
 33333
 2492 
403940
 78723
 284118
 246992
 440465
 77291
 436616
 323163
 349760
 126446
 459840
 98765
 450128
 199863
 290082
 484076
 318606
 89137
 143821
 234188
 174657
 157595
 103037
 262622
 393123
 442071
 191210
 335254
 115230
 390828
 173640
 31713
 484846
 258040
 180010
 38342
 232628
 498544
 194234
 1170
 224
 306278
 28242
 163
 158736
 10623
 203680
 5317
 187865
 1171
 40846
 332134
 164628
 6429
 385320
 48264
 455595
 120880
 843
 91
 490043
 468048
 470
 123002
 384213
 57551
 455993
 51631
 4844
 292352
 350560
 13982
 396490
 109742
 310098
 2359
 86899
 354
31746
 257998
 126432
 450815
 65174
 24955
 481296
 61643
 43606
 439850
 184792
 25993
 491505
 441517
 4129
 221776
 142718
 320822
 234004
 282122
 362687
 287141
 348369
 49055
 417481
 122548
 390141
 272638
 427177
 442002
 178146
 232249
 181270
 47773
 63147
4369
 3755
 22642
 154
 3179
 20460
 143
 17006
 44127
 228176
 4698
 484645
 299
 128364
 5748
 473140
 2411
 280925
 39711
 4725
 3187
 2941
 11729
 399722
 128205
 4312
 413689
 3700
 211813
 4313
 15404
 422
 96693
 3949
 458140
 3548
 466690
 3714
 2383
 4505
 2093
 1663
 378
 358605
 231372
 489239
 8852
 366375
 41544
 359
 390527
 84618
 3955
 35009
 40544
 421052
 9776
 437666
 4334
 8828
 37291
 495507
 450054
 7661
 243663
 180
 263872
 853
 393970
 4332
 341639
 91
 482