4345 
448 
3255 
5013 
3052 
4531 
1551 
1084 
249 
1882 
294 
970 
4690 
5759 
722 
11375 
5497 
159 
6086 
3708 
1944 
7441 
1383 
342 
1258 
1563 
870 
959 
437 
2538 
725 
425 
465 
1090 
332 
716 
652 
2769 
448 
214 
3406 
326 
3667 
2296 
1160 
399 
1277 
891 
426 
2729 
377 
2335 
752 
540 
898 
2485 
579 
1241 
1448 
2224 
1629 
352 
3981 
398 
2702 
610 
407 
240 
1275 
986 
1468 
938 
1222 
3139 
698 
329 
1375 
362 
369 
1263 
559 
2703 
457 
280 
3781 
228 
2954 
1802
1862 
774 
3281 
892 
958 
901 
877 
3578 
688 
292 
1832 
865 
738 
1029 
914 
3269 
269 
355 
4941 
398 
3602 
1837 
012
068
380
133
185
020
776
451
848
752
302
791
199
185
033
815
125
166 
1250 
511 
267 
376 
563 
943 
119 
484 
216 
227 
391 
033 
036 
1217 
664
109 
016 
038 
338 
209 
437 
227 
077 
260
028 
099 
052 
047 
011 
250 
119 
149 
079 
249 
168 
061 
013 
042 
104 
034 
018 
068 
097 
8901 
9693 
13484 
2057 
17581 
33608 
4574 
7659 
5343 
18901 
12413 
846 
3069 
10980 
3074 
4504 
20093 
14429 
6870 
4507 
7652 
4475 
1998 
2108 
18854 
828 
2739 
10547 
2060 
33402 
1428 
1124 
322 
9854 
13713 
8652 
72389 
1206 
767 
5773 
1915 
1433 
554 
29022 
11086 
9036 
615 
2593 
835 
5360 
575 
9894 
2649 
2258 
027 
666 
263 
369 
064 
465 
4737 
498 
223 
1788 
189 
443 
10180 
4671 
1068 
131 
1643 
2064 
250 
590 
4976 
338 
532 
775 
5051 
452 
310 
135 
1976 
4365 
659 
16651 
343 
108 
335 
326 
365 
038 
4546 
4839 
4286 
053 
715 
215 
1214 
077 
5952
191 
374 
892 
101 
473 
3420 
161 
129 
189 
2041 
1243 
170 
415 
048 
186 
2190 
3394 
334 
120 
396 
325 
022 
138 
1843 
035 
029 
502 
126 
5991 
031 
030 
307 
466 
683 
13400 
013 
008 
238 
018 
100 
010 
1576 
395 
530 
192 
021 
370 
019 
1224 
520 
298 
1312 
196 
676 
2155 
110 
088 
313 
1344 
1720 
123 
1676 
016 
241 
1696 
5640 
697 
141 
670 
1215 
042 
150 
6549 
068 
286 
852 
164 
7596 
070 
030 
054 
1952 
3171 
746 
19168 
015 
030 
348 
104 
227 
042 
926 
1350 
1265 
016 
301 
087 
1167 
061 
835 
925 
505 
1405 
235 
1029 
5705 
514 
244 
422 
1725 
4101 
121 
256 
517 
057 
173 
1375 
3998 
273 
181 
1025 
896 
127 
051 
6083 
051 
134 
1392 
142 
13354 
144 
041 
030 
402 
380 
115 
22034 
074 
019 
459 
055 
024 
010 
675 
1177 
761 
355 
077 
1083 
150 
743 
8803 
011 
355 
039 
10527 
040 
006 
003 
1367 
361 
003 
091 
040 
5166 
033 
13856 
11659 
391 
13079 
4962 
006 
042 
437 
067 
003 
003 
016 
8221 
4659 
1220 
022 
729 
326 
021 
115 
586 
1256 
550 
1486 
270 
203 
1076 
656 
019 
767 
5990 
015 
023 
047 
1782 
201 
993 
13173 
531 
880 
2786 
618 
004 
443 
290 
621 
122 
032 
169 
773 
1293 
131 
023 
152 
363 
017 
365 
423 
111 
220 
698 
798 
030 
406 
200 
147 
984 
062 
160 
401 
5545 
083 
587 
2412 
991 
586 
148 
003 
507 
400 
1190 
085 
003 
352 
5943 
010 
2066 
246 
425 
042 
278 
1242 
039 
1665 
4833 
173 
362 
127 
5948 
190 
353 
3175 
971 
311 
267 
065 
5009 
027 
045 
5325 
5049 
696 
5472 
2377 
628 
279 
170 
320 
127 
086 
179 
1330 
956 
1133 
219 
404 
026 
228 
077 
2347 
1878 
478 
055 
2308 
1643 
015 
1161 
5515 
080 
464 
119 
404 
494 
8009 
6145 
1982 
691 
594 
426 
314 
061 
091 
1647 
046 
491 
1376 
1322 
174 
269 
199 
284 
008 
275 
283 
114 
332 
244 
539 
1616 
293 
1359 
015 
119 
1110 
135 
306 
4903 
015 
2101 
3189 
239 
016 
668 
661 
655 
648 
641 
634 
627 
621 
614 
607 
600 
593 
587 
580 
573 
566 
560 
553 
546 
539 
532 
526 
519 
512 
505 
498 
492 
485 
478 
471 
464 
458
1629 
007 
042 
836 
1328 
017 
2521 
044 
085 
625 
15439 
004 
593 
2004 
2109 
162 
1353 
477 
094 
034 
039 
1062 
123 
303 
176 
1868 
200 
476 
058 
386 
025 
112 
050 
440 
151 
1022 
215 
017 
717 
847 
017 
021 
448 
12262 
124 
005 
026 
739 
2383 
1272 
427 
2014 
018 
173 
106 
012 
091 
055 
203 
163 
338 
041 
011 
241 
329 
168 
093 
041 
357 
036 
012 
017 
012 
063 
081 
287 
394 
051 
251 
084 
333 
051 
356 
744 
022 
859 
1836 
034 
022 
051 
003 
026 
152 
140 
011 
017 
521 
197 
007 
011 
827 
470 
754 
281 
028 
112 
104 
585 
554 
131 
048 
694 
032 
3200 
047 
007 
242 
3256 
027 
2145 
409 
084 
559 
186 
014 
020 
020 
041 
017 
010 
056 
690 
137 
313 
038 
257 
022 
030 
270 
039 
1537 
086 
009 
668 
835 
539 
4285 
020 
036 
102 
266 
291 
603 
250 
531 
055 
147 
198 
035 
013 
313 
007 
120 
034 
126 
042 
007 
127 
202 
022 
244 
342 
073 
008 
014 
015 
052 
102 
027 
025 
312 
216 
1958 
064 
041 
123 
067 
034 
026 
015 
436 
232
1083 
044 
009 
024 
229 
038 
177 
591 
007 
107 
1085 
1561 
052 
015 
072 
2402 
051 
002 
235 
816 
248 
871 
300 
000 
051 
108 
069 
060 
045 
157 
505 
188 
175 
309 
102 
096 
070 
043 
007 
945 
057 
706 
097 
016 
563 
814 
007 
221 
2159 
037 
015 
046 
049 
306 
027 
255 
271 
023 
120 
004 
065 
014 
021 
055 
012 
139 
051 
010 
153 
039 
096 
090 
007 
067 
050 
009 
015 
015 
063 
068 
032 
148 
116 
035 
008 
012 
001 
017 
115 
014 
133 
202 
172 
1093 
013 
016 
030 
018 
133 
099 
015
187 
115 
006 
010 
773 
487 
121 
043 
027 
182 
210 
039 
32725
5686 
594 
22712 
596
396 
281 
37228 
2111 
5131 
657 
7605 
40416 
5511 
012 
10164 
378 
2297 
3760 
13080 
9224 
8474 
504 
14674 
622 
3255 
54639 
18155 
13383 
469 
19173 
127 
261 
347 
8743 
161 
22816 
1106 
29213 
198 
9593 
149 
16503 
18678 
13784 
258 
085 
913 
39062 
21424 
8434 
299 
447 
5997 
147 
38259 
8434 
1744 
1493 
718 
405 
36450 
590 
15793 
3777 
4515 
3152 
49308 
13930 
25544 
394 
514 
4768 
43045 
1026 
1437 
15761 
1466 
23844 
13442 
015 
18043 
072 
027 
13460 
2688 
30048 
1737 
375 
170 
004 
45992 
179 
7926 
028 
7351 
438 
016 
575 
24296 
6843 
6987 
10926 
1176 
034 
2394 
22141 
17930 
4710 
981 
022 
4218 
383 
16289 
13680 
22326 
953 
21004 
7527 
12707 
2623 
14392 
9858 
22187
081 
1534 
1806 
059 
4422 
372 
023 
025 
7770 
452 
866 
491 
1458 
3476 
1458 
094 
163 
082 
2238 
566 
403 
2475 
014 
2648 
123 
841 
12343 
4318 
6511 
165 
8052 
083 
091 
509 
014 
22302 
092 
19695
050 
3694 
014 
096 
391 
7220 
4212 
036
165 
8977 
4351 
4247 
148 
213 
753 
220 
17620 
7075 
584 
072 
051 
012 
11801 
368 
2092 
333 
1844 
1043 
1615 
2175 
522 
1108 
478 
1659 
13917 
014 
4207 
900 
3951 
9080 
6555 
117 
3167 
1219 
2354 
698 
021 
497 
5211 
078 
553 
409 
1820 
048 
026 
120 
2234 
770 
133 
4244 
679 
131 
19149 
002 
1437 
9363 
163 
601 
946 
3682 
285 
6175 
288 
985 
1960 
38,93 
093 
601 
3707 
7811 
007 
343 
390 
023 
1511 
021 
146 
010 
3504 
413 
534 
252 
1371 
110 
019 
016 
245 
012 
060 
918 
027 
861 
229 
064 
8014 
2026 
1454 
163 
2724 
007 
019 
153 
015 
2818 
028 
331 
503 
018 
4233 
3762 
349 
072 
1753 
1019 
1567 
007 
077 
479 
079 
698 
942 
207 
076 
119 
014 
1803 
360 
048 
856 
287 
572 
303 
1344 
027 
052 
138 
2357 
480 
056 
1375 
238 
1029 
2046 
012 
2280 
024 
521
280 
2283 
616 
032 
031 
2239 
079 
615 
851 
104 
007 
335 
1114 
495 
441 
483 
276 
108 
673 
667 
670 
212 
041 
056 
439 
238 
1036 
176 
1431 
513 
963 
080 
115 
2972 
673 
164 
453 
1203 
039 
2054 
318 
303 
155 
915 
151 
173 
707 
013 
1112 
045 
373 
166 
197 
7941 
712 
4973 
022 
4378 
151 
1951 
975
390 
114 
2461 
196 
014 
1542 
1388 
1003 
007 
066 
481 
046 
1208 
1305 
095 
571 
028 
041 
3339 
044 
076 
117 
458 
304 
533 
511 
1021 
011 
009 
332 
1899 
008 
423 
263 
584 
985 
3990
037 
186 
112 
750 
049 
046 
3838 
044 
243 
2000 
006 
181 
281 
057 
1024 
255 
009 
053 
1608 
770 
1847 
061 
007 
1097 
574 
160 
1467 
012 
430 
419 
1552 
032 
279 
1073 
1135 
009 
962 
104 
12,01 
007 
081 
009 
4007 
128 
282 
250 
1649 
251 
043 
009 
171 
766 
154 
530 
086 
2146 
137 
146 
14500 
1560 
2376 
047 
4579 
020 
477 
002 
4939 
3235 
725 
369 
1925 
2495 
017 
066 
2803 
3311 
612
055 
144 
111 
3508 
1883 
007 
873 
032 
009 
6990 
041 
1237 
164 
1829 
107 
3609 
520 
555 
057 
041 
418 
1548 
116 
1487 
391 
3937 
441 
2337 
009 
066 
276 
163 
1657 
117 
010 
030 
1533 
051 
399 
504 
007 
011 
166 
878 
904 
049 
567 
082
146 
2323 
1625 
754 
032 
009 
020 
301 
390 
016 
1602 
134 
784 
350 
1674 
014 
1043 
1275 
491
4554 
497 
436 
1345 
4244 
4501 
2886 
2654 
10458 
025 
206 
3415 
1486 
2059 
510 
2612 
842 
202 
1258 
4233 
3401 
3833 
5846 
16653 
002 
026 
2651 
1525 
1270 
038 
741 
855 
067 
776 
3658 
1954 
2151 
3345 
6109 
668 
1678 
799 
515 
1289 
704 
522 
247 
1248 
2207 
1126 
572 
1741 
1545 
366 
422 
639 
671 
030 
107 
729 
1604 
1241 
1673 
4232 
032 
1094 
458 
382 
073 
057 
128 
367 
110 
1961 
299 
1042 
1472 
2535 
056 
045 
455 
290 
085 
077 
004 
047 
225 
031 
1096 
033 
264 
399 
065 
021 
083 
005 
204 
196 
111 
169 
405 
655 
086 
446 
163 
044 
084 
1078 
328 
081 
007 
159 
552 
053 
647 
729 
001 
267 
109 
260 
007 
1017 
101 
044 
100 
122 
129
042 
162 
276 
3197 
194 
008 
471 
262 
1087 
118 
228 
060 
1496 
027 
023 
068 
099 
049 
007 
032 
264 
030 
059 
332 
054 
265 
007 
107
210 
046 
443 
144 
070 
001 
657
048 
112 
074 
058 
249 
184 
006
175 
020 
099 
135 
388 
030 
147 
008 
187 
019 
068 
166 
069 
107 
224 
789 
030 
157 
029 
576 
336 
215 
033 
956 
027 
049 
010 
051 
008 
057 
008 
020 
123 
038 
013 
072 
153 
197 
212 
062 
040 
299
007 
1303 
007 
108 
027 
008 
021 
0,64 
016 
034 
139 
014
092 
034 
012 
133 
008 
038 
126 
022 
018 
038 
646 
009 
033 
179 
038 
142 
055 
178 
047
008 
007 
020 
076 
073 
053 
053 
015 
027 
776 
040 
287 
127 
028 
1003 
006 
140 
018 
045 
018 
002 
004 
022 
245 
022
118 
034 
036 
027 
260 
060 
012 
015 
099 
049 
060 
137 
020 
180 
133 
022 
013 
014 
390 
131 
059 
035 
017 
016 
039 
007 
531 
025 
091 
007 
432 
174 
033 
705 
183 
009 
017 
069 
038 
224 
013 
060 
104 
054 
046 
038 
073 
046 
049 
031 
372 
1295
087
8520
017
6236
5154
4162
69900
066
061
17799
853
5573
6199
345
2855
8369
917
409
2751
112
5751
1348
728
6493
1896
10802
557
3483
086
891
1362
3370
503
2853
845
008
188
8008
1360
42386
1014
165
677
796
12079
11179
477
7458
1382
15180
456
955
1295
461
15274
5065
31983
178401
12749
6319
394
006
1199
313
29792
1206
788
069
10414
492
074
16377
7004
054
4823
6191
585
77118
51098
7711
519
3742
1991
2917
26519
2463
23636
4228
1864
548
11650
8102
170
7882
11652
5529
322
144
1758
5976
27992
9344
365
164
106
769
571
24118
638
30643
8127
488
360
259
3726
5645
120944
341
6410
173
1223
3692
3312
026
246
9126
045
13568
154
205
10912
182
8965
1592
2949
23223
13436
136
923
5578
4422
096
200
3992
010
2254
3187
5067
33530
5545
029
1300
3318
173
1065
4757
078
024
457
018
919
251
099
1106
872
4607
323
423
2655
052
885
139
660
256
009
016
4723
123
18211
382
070
407
138
4363
3052
201
2111
1002
3452
247
204
208
074
4693
189
15866
8175
2288
585
816
004
004
004
004
004
004
2413
410
045
7571
3228
2661
1021
089
21424
37518
3933
221
2640
275
1992
14267
814
5476
2601
1061
104
1752
8360
7010
1323
4675
035
127
858
1493
5325
5008
071
024
029
046
563
10327
062
18983
4363
205
101
102
960
636
73232
133
777
108
268
3440
494
041
1410
7223
047
467
3558
061
4285
977
1314
11652
7372
053
1598
620
476
396 
183 
2923 
173 
759 
2237 
3937 
19892 
1182 
006 
7779 
013 
1054 
1845 
1738 
2343 
583 
198 
090 
537 
012 
765 
127 
272 
5160 
234 
5488 
217 
150 
102 
5675 
1390 
134 
068 
109 
140 
271 
010 
1785 
041 
4338 
353 
893 
749 
152 
3816 
2182 
525 
1277 
262 
5024 
639 
048 
1851
4396
9469 
5185 
2836 
685 
771 
273
052 
7879 
213 
095
4738 
089 
205 
11809 
2641 
174 
711 
749 
016 
5197 
22198 
4463 
5755 
3829 
016 
344 
27470 
444 
6385 
460 
151 
059 
1103 
6262 
008 
5745 
3138 
6833 
032 
052 
213 
436 
5471 
3482 
215 
556 
033 
023 
100 
4697 
022 
4132 
3702 
020 
010 
046 
540 
105 
35262 
078 
347 
224 
132 
489 
010 
210 
020 
2867 
081 
4749 
036 
447 
3473 
005 
2769 
263 
3646 
1840 
8557 
027 
1951 
961 
376 
213
473
014
579
1360
1960
22854
009
1587
086
1602
096
776
673
231
013
220
184
020
892
104
1725
026
085
286
046
008
043
052
024
706
058
5803
046
039
220
007
2907
260
074
534
060
1617
302
013
101
006
836
021
9459
4174
3424
090
153
5188
037
2091
210
032
4293
1593
010
206
253
007
7373
11973
1007
326
448
462
3349
118
1570
416
123
036
208
8002
1203
1962
2598
009
010
232
226
1416
4112
028
043
008
1910
020
2305
1761
090
083
16720
023
038
007
097
211
118
008
1898
879
039
069
095
4233
093
846
3036
5163
022
070
515
139
024
031
474
017
1342
1020
1026
28325
1509
067
2598
020
340
270
100
026
548
022
079
883
274
589
031
008
456
031
139
019
059
020
018
435
024
2524
019
309
013
515
405
174
404
076
1958
063
025
555
005
9856
4825
2395
183
603
3840
003
028
1602
101
023
2197
1292
530
196
7048
1274
174
694
011
570
3058
172
1329
141
099
457
1585
2732
1169
2396
014
040
391
1852
2026
054
015
038
1985
009
2375
1130
004
007
242
028
14779
009
143
005
159
451
022
969
867
019
253
463
018
4107
267
102
203
1287
148
673
218
167
095
043
100
13544
318
2665
514
394
029
294
029
12072
1095
232
6038
128
989
1023
462
326
731
1630
014
4113
1517
543
2854
080
164
064
068
213
35683
726
285
1180
6256
085
1608
662
1078
255
5298
314
635
1550
651
120
171
501
265
388
914
085
623
226
179
344
115
027
1039
011
006
076
7019
118
2613
120
521
054
246
034
3593
463
017
3756
227
629
1256
295
134
324
683
046
341
2041
509
196
1883
146
110
152
274
266
5403
203
067
298
4109
292
1094
076
188
091
6266
344
310
1814
687
099
104
760
009
461
222
108
349
954
029
667
159
057
669
105
359
095
5147
343
694
351
1570
155
485
295
5310
964
544
1190
132
1181
2617
721
111
586
1012
217
1043
795
640
1053
5139
347
137
365
297
501
4019
2023
260
1489
6459
651
1584
1483
251
264
2197
979
514
928
387
588
112
986
116
502
262
185
679
907
135
361
441
116
047
019
082
064
7429
150
1402
121
275
023
090
030
5287
187
043
5169
052
124
477
097
051
090
663
013
491
845
629
099604
143
039
034
042
062
8322
144
006
3796020
073
1079
262
215
045
1746
123
958
536
290
134
021
284
056
093
236
075
083
312
021
197
040
275
036
044
059
8019
070
835
191
446
031
229
101
7196
144
076
1662
105
053
271
325
298
240
745
100
112
1395
107
224
554
245
081
097
181
161
13013
304
014
211
2978
168
1387
232
114
086
2255
424
947
621
111
091
0180
182
100
378
054
172
299
879
036
346
145
062
